> -260 contour -Z-260
331.04	-56.84	-260.00
331.04	-56.84	-260.00
> -260 contour -Z-260
331.10	-56.94	-260.00
331.10	-56.94	-260.00
> -260 contour -Z-260
331.14	-57.00	-260.00
331.14	-57.00	-260.00
> -260 contour -Z-260
331.18	-57.06	-260.00
331.18	-57.06	-260.00
> -260 contour -Z-260
331.22	-57.12	-260.00
331.22	-57.12	-260.00
> -260 contour -Z-260
331.28	-57.20	-260.00
331.28	-57.20	-260.00
> -260 contour -Z-260
331.34	-57.28	-260.00
331.34	-57.28	-260.00
> -260 contour -Z-260
331.44	-57.40	-260.00
331.44	-57.40	-260.00
331.42	-57.38	-260.00
331.42	-57.38	-260.00
> -260 contour -Z-260
331.78	-57.70	-260.00
331.78	-57.70	-260.00
> -260 contour -Z-260
331.82	-57.72	-260.00
331.82	-57.72	-260.00
> -260 contour -Z-260
331.86	-57.74	-260.00
331.86	-57.74	-260.00
> -260 contour -Z-260
331.90	-57.76	-260.00
331.90	-57.76	-260.00
> -260 contour -Z-260
331.94	-57.78	-260.00
331.94	-57.78	-260.00
> -260 contour -Z-260
331.99	-57.80	-260.00
331.98	-57.80	-260.00
> -260 contour -Z-260
332.03	-57.82	-260.00
332.02	-57.82	-260.00
> -260 contour -Z-260
332.07	-57.84	-260.00
332.06	-57.84	-260.00
> -260 contour -Z-260
332.10	-57.86	-260.00
332.10	-57.86	-260.00
> -260 contour -Z-260
332.17	-57.90	-260.00
332.16	-57.90	-260.00
> -260 contour -Z-260
332.34	-58.14	-260.00
332.34	-58.14	-260.00
> -260 contour -Z-260
332.36	-58.28	-260.00
332.36	-58.28	-260.00
332.36	-58.27	-260.00
> -260 contour -Z-260
332.34	-58.42	-260.00
332.34	-58.42	-260.00
> -260 contour -Z-260
332.32	-58.48	-260.00
332.32	-58.48	-260.00
> -260 contour -Z-260
332.26	-58.60	-260.00
332.26	-58.61	-260.00
> -260 contour -Z-260
332.16	-58.74	-260.00
332.16	-58.74	-260.00
332.14	-58.76	-260.00
332.14	-58.76	-260.00
332.12	-58.78	-260.00
332.12	-58.78	-260.00
332.10	-58.80	-260.00
332.10	-58.80	-260.00
332.08	-58.82	-260.00
332.08	-58.82	-260.00
> -260 contour -Z-260
331.98	-58.90	-260.00
331.98	-58.90	-260.00
> -260 contour -Z-260
331.90	-58.96	-260.00
331.90	-58.96	-260.00
> -260 contour -Z-260
331.84	-59.00	-260.00
331.84	-59.00	-260.00
> -260 contour -Z-260
331.70	-59.08	-260.00
331.70	-59.08	-260.00
> -260 contour -Z-260
331.66	-59.10	-260.00
331.66	-59.10	-260.00
> -260 contour -Z-260
331.62	-59.12	-260.00
331.62	-59.12	-260.00
> -260 contour -Z-260
331.49	-59.18	-260.00
331.48	-59.18	-260.00
> -260 contour -Z-260
331.39	-59.22	-260.00
331.38	-59.22	-260.00
> -260 contour -Z-260
331.25	-59.28	-260.00
331.24	-59.28	-260.00
> -260 contour -Z-260
331.21	-59.30	-260.00
331.20	-59.30	-260.00
> -260 contour -Z-260
331.17	-59.32	-260.00
331.16	-59.32	-260.00
> -260 contour -Z-260
331.10	-59.36	-260.00
331.10	-59.36	-260.00
> -260 contour -Z-260
331.04	-59.40	-260.00
331.04	-59.40	-260.00
> -260 contour -Z-260
330.84	-59.60	-260.00
330.84	-59.60	-260.00
> -260 contour -Z-260
332.14	-58.76	-260.00
332.16	-58.74	-260.00
> -240 contour -Z-240
330.99	-59.66	-240.00
331.00	-59.65	-240.00
331.01	-59.64	-240.00
331.02	-59.63	-240.00
331.02	-59.62	-240.00
331.04	-59.60	-240.00
331.04	-59.60	-240.00
331.06	-59.58	-240.00
331.06	-59.58	-240.00
331.08	-59.56	-240.00
331.08	-59.56	-240.00
331.10	-59.54	-240.00
331.10	-59.54	-240.00
331.12	-59.52	-240.00
331.12	-59.52	-240.00
331.14	-59.50	-240.00
331.14	-59.50	-240.00
331.16	-59.48	-240.00
331.16	-59.48	-240.00
331.18	-59.46	-240.00
331.18	-59.46	-240.00
331.20	-59.45	-240.00
331.21	-59.44	-240.00
331.22	-59.43	-240.00
331.24	-59.42	-240.00
331.24	-59.42	-240.00
331.26	-59.41	-240.00
331.27	-59.40	-240.00
331.28	-59.39	-240.00
331.30	-59.38	-240.00
331.30	-59.38	-240.00
331.32	-59.37	-240.00
331.34	-59.36	-240.00
331.34	-59.36	-240.00
331.36	-59.35	-240.00
331.38	-59.34	-240.00
331.38	-59.34	-240.00
331.40	-59.33	-240.00
331.42	-59.32	-240.00
331.42	-59.32	-240.00
331.44	-59.31	-240.00
331.46	-59.30	-240.00
331.46	-59.30	-240.00
331.48	-59.29	-240.00
331.50	-59.28	-240.00
331.51	-59.28	-240.00
331.52	-59.27	-240.00
331.54	-59.26	-240.00
331.55	-59.26	-240.00
331.56	-59.26	-240.00
331.58	-59.25	-240.00
331.59	-59.24	-240.00
331.60	-59.24	-240.00
331.62	-59.23	-240.00
331.64	-59.22	-240.00
331.64	-59.22	-240.00
331.66	-59.21	-240.00
331.68	-59.20	-240.00
331.68	-59.20	-240.00
331.70	-59.19	-240.00
331.72	-59.18	-240.00
331.72	-59.18	-240.00
331.74	-59.17	-240.00
331.76	-59.16	-240.00
331.77	-59.16	-240.00
331.78	-59.15	-240.00
331.80	-59.14	-240.00
331.81	-59.14	-240.00
331.82	-59.13	-240.00
331.84	-59.12	-240.00
331.85	-59.12	-240.00
331.86	-59.12	-240.00
331.88	-59.11	-240.00
331.89	-59.10	-240.00
331.90	-59.10	-240.00
331.92	-59.09	-240.00
331.93	-59.08	-240.00
331.94	-59.08	-240.00
331.96	-59.07	-240.00
331.97	-59.06	-240.00
331.98	-59.06	-240.00
332.00	-59.04	-240.00
332.01	-59.04	-240.00
332.02	-59.03	-240.00
332.04	-59.02	-240.00
332.05	-59.02	-240.00
332.06	-59.01	-240.00
332.08	-59.00	-240.00
332.08	-59.00	-240.00
332.10	-58.99	-240.00
332.11	-58.98	-240.00
332.12	-58.98	-240.00
332.14	-58.96	-240.00
332.14	-58.96	-240.00
332.16	-58.95	-240.00
332.17	-58.94	-240.00
332.18	-58.93	-240.00
332.20	-58.92	-240.00
332.20	-58.92	-240.00
332.22	-58.90	-240.00
332.23	-58.90	-240.00
332.24	-58.89	-240.00
332.25	-58.88	-240.00
332.26	-58.87	-240.00
332.27	-58.86	-240.00
332.28	-58.85	-240.00
332.30	-58.84	-240.00
332.30	-58.84	-240.00
332.32	-58.82	-240.00
332.32	-58.82	-240.00
332.34	-58.80	-240.00
332.34	-58.80	-240.00
332.36	-58.78	-240.00
332.36	-58.78	-240.00
332.37	-58.76	-240.00
332.38	-58.75	-240.00
332.39	-58.74	-240.00
332.40	-58.73	-240.00
332.40	-58.72	-240.00
332.42	-58.70	-240.00
332.42	-58.70	-240.00
332.43	-58.68	-240.00
332.44	-58.67	-240.00
332.44	-58.66	-240.00
332.46	-58.64	-240.00
332.46	-58.63	-240.00
332.47	-58.62	-240.00
332.48	-58.60	-240.00
332.48	-58.59	-240.00
332.49	-58.58	-240.00
332.49	-58.56	-240.00
332.50	-58.54	-240.00
332.50	-58.54	-240.00
332.51	-58.52	-240.00
332.51	-58.50	-240.00
332.52	-58.48	-240.00
332.52	-58.48	-240.00
332.52	-58.46	-240.00
332.53	-58.44	-240.00
332.53	-58.42	-240.00
332.54	-58.40	-240.00
332.54	-58.38	-240.00
332.54	-58.36	-240.00
332.54	-58.35	-240.00
332.54	-58.34	-240.00
332.54	-58.32	-240.00
332.54	-58.30	-240.00
332.54	-58.28	-240.00
332.54	-58.26	-240.00
332.54	-58.25	-240.00
332.54	-58.24	-240.00
332.54	-58.22	-240.00
332.53	-58.20	-240.00
332.53	-58.18	-240.00
332.53	-58.16	-240.00
332.52	-58.14	-240.00
332.52	-58.14	-240.00
332.52	-58.12	-240.00
332.51	-58.10	-240.00
332.50	-58.08	-240.00
332.50	-58.08	-240.00
332.49	-58.06	-240.00
332.48	-58.04	-240.00
332.48	-58.03	-240.00
332.47	-58.02	-240.00
332.46	-58.00	-240.00
332.46	-58.00	-240.00
332.45	-57.98	-240.00
332.44	-57.97	-240.00
332.43	-57.96	-240.00
332.42	-57.94	-240.00
332.42	-57.94	-240.00
332.40	-57.92	-240.00
332.40	-57.92	-240.00
332.38	-57.90	-240.00
332.38	-57.90	-240.00
332.36	-57.89	-240.00
332.35	-57.88	-240.00
332.34	-57.87	-240.00
332.33	-57.86	-240.00
332.32	-57.86	-240.00
332.30	-57.84	-240.00
332.30	-57.84	-240.00
332.28	-57.83	-240.00
332.27	-57.82	-240.00
332.26	-57.82	-240.00
332.24	-57.80	-240.00
332.23	-57.80	-240.00
332.22	-57.79	-240.00
332.20	-57.78	-240.00
332.20	-57.78	-240.00
332.18	-57.77	-240.00
332.16	-57.76	-240.00
332.16	-57.76	-240.00
332.14	-57.75	-240.00
332.12	-57.74	-240.00
332.12	-57.74	-240.00
332.10	-57.73	-240.00
332.08	-57.72	-240.00
332.07	-57.72	-240.00
332.06	-57.71	-240.00
332.04	-57.70	-240.00
332.03	-57.70	-240.00
332.02	-57.69	-240.00
332.00	-57.68	-240.00
331.99	-57.68	-240.00
331.98	-57.67	-240.00
331.96	-57.66	-240.00
331.95	-57.66	-240.00
331.94	-57.65	-240.00
331.92	-57.64	-240.00
331.92	-57.64	-240.00
331.90	-57.63	-240.00
331.88	-57.62	-240.00
331.88	-57.62	-240.00
331.86	-57.61	-240.00
331.85	-57.60	-240.00
331.84	-57.59	-240.00
331.82	-57.58	-240.00
331.82	-57.58	-240.00
331.80	-57.56	-240.00
331.80	-57.56	-240.00
331.78	-57.55	-240.00
331.77	-57.54	-240.00
331.76	-57.53	-240.00
331.75	-57.52	-240.00
331.74	-57.51	-240.00
331.73	-57.50	-240.00
331.72	-57.49	-240.00
331.71	-57.48	-240.00
331.70	-57.46	-240.00
331.70	-57.46	-240.00
331.68	-57.44	-240.00
331.68	-57.44	-240.00
331.66	-57.42	-240.00
331.66	-57.41	-240.00
331.65	-57.40	-240.00
331.64	-57.39	-240.00
331.63	-57.38	-240.00
331.62	-57.36	-240.00
331.62	-57.36	-240.00
331.60	-57.34	-240.00
331.60	-57.33	-240.00
331.59	-57.32	-240.00
331.58	-57.31	-240.00
331.58	-57.30	-240.00
331.56	-57.28	-240.00
331.56	-57.28	-240.00
331.55	-57.26	-240.00
331.54	-57.25	-240.00
331.53	-57.24	-240.00
331.52	-57.22	-240.00
331.52	-57.22	-240.00
331.50	-57.20	-240.00
331.50	-57.20	-240.00
331.49	-57.18	-240.00
331.48	-57.17	-240.00
331.47	-57.16	-240.00
331.46	-57.14	-240.00
331.46	-57.14	-240.00
331.44	-57.12	-240.00
331.44	-57.11	-240.00
331.43	-57.10	-240.00
331.42	-57.09	-240.00
331.42	-57.08	-240.00
331.40	-57.06	-240.00
331.40	-57.06	-240.00
331.39	-57.04	-240.00
331.38	-57.03	-240.00
331.37	-57.02	-240.00
331.36	-57.00	-240.00
331.36	-57.00	-240.00
331.35	-56.98	-240.00
331.34	-56.97	-240.00
331.33	-56.96	-240.00
331.32	-56.94	-240.00
331.32	-56.94	-240.00
331.31	-56.92	-240.00
331.30	-56.91	-240.00
331.30	-56.90	-240.00
331.28	-56.88	-240.00
331.28	-56.87	-240.00
331.27	-56.86	-240.00
331.26	-56.84	-240.00
331.26	-56.84	-240.00
331.25	-56.82	-240.00
331.24	-56.81	-240.00
331.24	-56.80	-240.00
331.22	-56.78	-240.00
331.22	-56.77	-240.00
331.21	-56.76	-240.00
331.20	-56.74	-240.00
331.20	-56.74	-240.00
331.19	-56.72	-240.00
331.18	-56.70	-240.00
331.18	-56.70	-240.00
> -220 contour -Z-220
331.13	-59.72	-220.00
331.14	-59.70	-220.00
331.14	-59.70	-220.00
331.16	-59.68	-220.00
331.16	-59.68	-220.00
331.17	-59.66	-220.00
331.18	-59.65	-220.00
331.19	-59.64	-220.00
331.20	-59.63	-220.00
331.21	-59.62	-220.00
331.22	-59.61	-220.00
331.23	-59.60	-220.00
331.24	-59.59	-220.00
331.25	-59.58	-220.00
331.26	-59.57	-220.00
331.27	-59.56	-220.00
331.28	-59.55	-220.00
331.29	-59.54	-220.00
331.30	-59.53	-220.00
331.31	-59.52	-220.00
331.32	-59.51	-220.00
331.34	-59.50	-220.00
331.34	-59.50	-220.00
331.36	-59.48	-220.00
331.36	-59.48	-220.00
331.38	-59.47	-220.00
331.39	-59.46	-220.00
331.40	-59.45	-220.00
331.42	-59.44	-220.00
331.42	-59.44	-220.00
331.44	-59.43	-220.00
331.45	-59.42	-220.00
331.46	-59.42	-220.00
331.48	-59.40	-220.00
331.49	-59.40	-220.00
331.50	-59.39	-220.00
331.52	-59.38	-220.00
331.52	-59.38	-220.00
331.54	-59.37	-220.00
331.56	-59.36	-220.00
331.56	-59.36	-220.00
331.58	-59.35	-220.00
331.60	-59.34	-220.00
331.60	-59.34	-220.00
331.62	-59.33	-220.00
331.64	-59.32	-220.00
331.64	-59.32	-220.00
331.66	-59.31	-220.00
331.68	-59.30	-220.00
331.68	-59.30	-220.00
331.70	-59.29	-220.00
331.72	-59.28	-220.00
331.72	-59.28	-220.00
331.74	-59.27	-220.00
331.76	-59.26	-220.00
331.76	-59.26	-220.00
331.78	-59.25	-220.00
331.80	-59.24	-220.00
331.81	-59.24	-220.00
331.82	-59.23	-220.00
331.84	-59.22	-220.00
331.85	-59.22	-220.00
331.86	-59.22	-220.00
331.88	-59.21	-220.00
331.90	-59.20	-220.00
331.90	-59.20	-220.00
331.92	-59.19	-220.00
331.94	-59.18	-220.00
331.94	-59.18	-220.00
331.96	-59.17	-220.00
331.98	-59.16	-220.00
331.99	-59.16	-220.00
332.00	-59.15	-220.00
332.02	-59.15	-220.00
332.03	-59.14	-220.00
332.04	-59.14	-220.00
332.06	-59.13	-220.00
332.08	-59.12	-220.00
332.08	-59.12	-220.00
332.10	-59.11	-220.00
332.12	-59.10	-220.00
332.13	-59.10	-220.00
332.14	-59.09	-220.00
332.16	-59.08	-220.00
332.17	-59.08	-220.00
332.18	-59.07	-220.00
332.20	-59.06	-220.00
332.21	-59.06	-220.00
332.22	-59.05	-220.00
332.24	-59.04	-220.00
332.25	-59.04	-220.00
332.26	-59.03	-220.00
332.28	-59.02	-220.00
332.28	-59.02	-220.00
332.30	-59.01	-220.00
332.31	-59.00	-220.00
332.32	-59.00	-220.00
332.34	-58.98	-220.00
332.34	-58.98	-220.00
332.36	-58.97	-220.00
332.37	-58.96	-220.00
332.38	-58.95	-220.00
332.40	-58.94	-220.00
332.40	-58.94	-220.00
332.42	-58.92	-220.00
332.42	-58.92	-220.00
332.44	-58.90	-220.00
332.45	-58.90	-220.00
332.46	-58.89	-220.00
332.47	-58.88	-220.00
332.48	-58.87	-220.00
332.49	-58.86	-220.00
332.50	-58.85	-220.00
332.51	-58.84	-220.00
332.52	-58.82	-220.00
332.52	-58.82	-220.00
332.54	-58.80	-220.00
332.54	-58.80	-220.00
332.55	-58.78	-220.00
332.56	-58.77	-220.00
332.57	-58.76	-220.00
332.58	-58.74	-220.00
332.58	-58.74	-220.00
332.59	-58.72	-220.00
332.60	-58.70	-220.00
332.60	-58.70	-220.00
332.61	-58.68	-220.00
332.62	-58.66	-220.00
332.62	-58.66	-220.00
332.63	-58.64	-220.00
332.64	-58.62	-220.00
332.64	-58.61	-220.00
332.64	-58.60	-220.00
332.65	-58.58	-220.00
332.66	-58.56	-220.00
332.66	-58.54	-220.00
332.66	-58.54	-220.00
332.67	-58.52	-220.00
332.67	-58.50	-220.00
332.67	-58.48	-220.00
332.68	-58.46	-220.00
332.68	-58.45	-220.00
332.68	-58.44	-220.00
332.68	-58.42	-220.00
332.69	-58.40	-220.00
332.69	-58.38	-220.00
332.69	-58.36	-220.00
332.69	-58.34	-220.00
332.69	-58.32	-220.00
332.69	-58.30	-220.00
332.69	-58.28	-220.00
332.69	-58.26	-220.00
332.69	-58.24	-220.00
332.69	-58.22	-220.00
332.68	-58.20	-220.00
332.68	-58.18	-220.00
332.68	-58.18	-220.00
332.68	-58.16	-220.00
332.67	-58.14	-220.00
332.67	-58.12	-220.00
332.66	-58.10	-220.00
332.66	-58.09	-220.00
332.66	-58.08	-220.00
332.65	-58.06	-220.00
332.64	-58.04	-220.00
332.64	-58.03	-220.00
332.64	-58.02	-220.00
332.63	-58.00	-220.00
332.62	-57.98	-220.00
332.62	-57.98	-220.00
332.61	-57.96	-220.00
332.60	-57.95	-220.00
332.59	-57.94	-220.00
332.58	-57.92	-220.00
332.58	-57.92	-220.00
332.56	-57.90	-220.00
332.56	-57.90	-220.00
332.54	-57.88	-220.00
332.54	-57.88	-220.00
332.52	-57.86	-220.00
332.52	-57.86	-220.00
332.50	-57.84	-220.00
332.50	-57.84	-220.00
332.48	-57.82	-220.00
332.48	-57.82	-220.00
332.46	-57.81	-220.00
332.45	-57.80	-220.00
332.44	-57.79	-220.00
332.42	-57.78	-220.00
332.42	-57.78	-220.00
332.40	-57.77	-220.00
332.39	-57.76	-220.00
332.38	-57.75	-220.00
332.36	-57.74	-220.00
332.35	-57.74	-220.00
332.34	-57.73	-220.00
332.32	-57.72	-220.00
332.32	-57.72	-220.00
332.30	-57.71	-220.00
332.28	-57.70	-220.00
332.28	-57.70	-220.00
332.26	-57.69	-220.00
332.24	-57.68	-220.00
332.24	-57.68	-220.00
332.22	-57.67	-220.00
332.20	-57.66	-220.00
332.20	-57.66	-220.00
332.18	-57.65	-220.00
332.16	-57.64	-220.00
332.16	-57.64	-220.00
332.14	-57.63	-220.00
332.12	-57.62	-220.00
332.12	-57.62	-220.00
332.10	-57.61	-220.00
332.08	-57.60	-220.00
332.08	-57.60	-220.00
332.06	-57.59	-220.00
332.05	-57.58	-220.00
332.04	-57.57	-220.00
332.02	-57.56	-220.00
332.02	-57.56	-220.00
332.00	-57.55	-220.00
331.98	-57.54	-220.00
331.98	-57.54	-220.00
331.96	-57.52	-220.00
331.96	-57.52	-220.00
331.94	-57.51	-220.00
331.93	-57.50	-220.00
331.92	-57.49	-220.00
331.91	-57.48	-220.00
331.90	-57.47	-220.00
331.89	-57.46	-220.00
331.88	-57.45	-220.00
331.87	-57.44	-220.00
331.86	-57.42	-220.00
331.86	-57.42	-220.00
331.84	-57.40	-220.00
331.84	-57.40	-220.00
331.83	-57.38	-220.00
331.82	-57.37	-220.00
331.81	-57.36	-220.00
331.80	-57.35	-220.00
331.80	-57.34	-220.00
331.78	-57.32	-220.00
331.78	-57.32	-220.00
331.77	-57.30	-220.00
331.76	-57.29	-220.00
331.76	-57.28	-220.00
331.74	-57.26	-220.00
331.74	-57.26	-220.00
331.73	-57.24	-220.00
331.72	-57.23	-220.00
331.72	-57.22	-220.00
331.70	-57.20	-220.00
331.70	-57.19	-220.00
331.69	-57.18	-220.00
331.68	-57.16	-220.00
331.68	-57.16	-220.00
331.67	-57.14	-220.00
331.66	-57.13	-220.00
331.65	-57.12	-220.00
331.64	-57.10	-220.00
331.64	-57.10	-220.00
331.63	-57.08	-220.00
331.62	-57.07	-220.00
331.61	-57.06	-220.00
331.60	-57.04	-220.00
331.60	-57.04	-220.00
331.59	-57.02	-220.00
331.58	-57.01	-220.00
331.57	-57.00	-220.00
331.56	-56.98	-220.00
331.56	-56.98	-220.00
331.55	-56.96	-220.00
331.54	-56.95	-220.00
331.54	-56.94	-220.00
331.52	-56.92	-220.00
331.52	-56.92	-220.00
331.51	-56.90	-220.00
331.50	-56.88	-220.00
331.50	-56.88	-220.00
331.48	-56.86	-220.00
331.48	-56.85	-220.00
331.47	-56.84	-220.00
331.46	-56.82	-220.00
331.46	-56.82	-220.00
331.45	-56.80	-220.00
331.44	-56.79	-220.00
331.44	-56.78	-220.00
331.42	-56.76	-220.00
331.42	-56.75	-220.00
331.41	-56.74	-220.00
331.40	-56.72	-220.00
331.40	-56.72	-220.00
331.39	-56.70	-220.00
331.38	-56.68	-220.00
331.38	-56.68	-220.00
331.37	-56.66	-220.00
331.36	-56.65	-220.00
331.36	-56.64	-220.00
331.34	-56.62	-220.00
> -200 contour -Z-200
331.26	-59.76	-200.00
331.28	-59.74	-200.00
331.28	-59.74	-200.00
331.29	-59.72	-200.00
331.30	-59.71	-200.00
331.31	-59.70	-200.00
331.32	-59.69	-200.00
331.33	-59.68	-200.00
331.34	-59.67	-200.00
331.35	-59.66	-200.00
331.36	-59.65	-200.00
331.37	-59.64	-200.00
331.38	-59.63	-200.00
331.39	-59.62	-200.00
331.40	-59.61	-200.00
331.41	-59.60	-200.00
331.42	-59.59	-200.00
331.43	-59.58	-200.00
331.44	-59.57	-200.00
331.45	-59.56	-200.00
331.46	-59.55	-200.00
331.48	-59.54	-200.00
331.48	-59.54	-200.00
331.50	-59.52	-200.00
331.50	-59.52	-200.00
331.52	-59.51	-200.00
331.53	-59.50	-200.00
331.54	-59.49	-200.00
331.56	-59.48	-200.00
331.56	-59.48	-200.00
331.58	-59.46	-200.00
331.59	-59.46	-200.00
331.60	-59.45	-200.00
331.62	-59.44	-200.00
331.62	-59.44	-200.00
331.64	-59.43	-200.00
331.65	-59.42	-200.00
331.66	-59.41	-200.00
331.68	-59.40	-200.00
331.68	-59.40	-200.00
331.70	-59.39	-200.00
331.72	-59.38	-200.00
331.72	-59.38	-200.00
331.74	-59.37	-200.00
331.76	-59.36	-200.00
331.76	-59.36	-200.00
331.78	-59.35	-200.00
331.80	-59.34	-200.00
331.80	-59.34	-200.00
331.82	-59.33	-200.00
331.84	-59.32	-200.00
331.84	-59.32	-200.00
331.86	-59.31	-200.00
331.88	-59.30	-200.00
331.88	-59.30	-200.00
331.90	-59.29	-200.00
331.92	-59.28	-200.00
331.93	-59.28	-200.00
331.94	-59.27	-200.00
331.96	-59.27	-200.00
331.97	-59.26	-200.00
331.98	-59.26	-200.00
332.00	-59.25	-200.00
332.02	-59.24	-200.00
332.02	-59.24	-200.00
332.04	-59.23	-200.00
332.06	-59.23	-200.00
332.07	-59.22	-200.00
332.08	-59.22	-200.00
332.10	-59.21	-200.00
332.12	-59.20	-200.00
332.13	-59.20	-200.00
332.14	-59.19	-200.00
332.16	-59.19	-200.00
332.18	-59.18	-200.00
332.18	-59.18	-200.00
332.20	-59.17	-200.00
332.22	-59.16	-200.00
332.23	-59.16	-200.00
332.24	-59.16	-200.00
332.26	-59.15	-200.00
332.28	-59.14	-200.00
332.28	-59.14	-200.00
332.30	-59.13	-200.00
332.32	-59.12	-200.00
332.32	-59.12	-200.00
332.34	-59.11	-200.00
332.36	-59.10	-200.00
332.36	-59.10	-200.00
332.38	-59.09	-200.00
332.40	-59.08	-200.00
332.40	-59.08	-200.00
332.42	-59.07	-200.00
332.44	-59.06	-200.00
332.44	-59.06	-200.00
332.46	-59.05	-200.00
332.47	-59.04	-200.00
332.48	-59.03	-200.00
332.50	-59.02	-200.00
332.50	-59.02	-200.00
332.52	-59.00	-200.00
332.53	-59.00	-200.00
332.54	-58.99	-200.00
332.55	-58.98	-200.00
332.56	-58.97	-200.00
332.57	-58.96	-200.00
332.58	-58.95	-200.00
332.59	-58.94	-200.00
332.60	-58.93	-200.00
332.61	-58.92	-200.00
332.62	-58.91	-200.00
332.63	-58.90	-200.00
332.64	-58.89	-200.00
332.65	-58.88	-200.00
332.66	-58.86	-200.00
332.66	-58.86	-200.00
332.68	-58.84	-200.00
332.68	-58.84	-200.00
332.69	-58.82	-200.00
332.70	-58.81	-200.00
332.70	-58.80	-200.00
332.72	-58.78	-200.00
332.72	-58.77	-200.00
332.73	-58.76	-200.00
332.74	-58.74	-200.00
332.74	-58.73	-200.00
332.75	-58.72	-200.00
332.75	-58.70	-200.00
332.76	-58.69	-200.00
332.76	-58.68	-200.00
332.77	-58.66	-200.00
332.78	-58.64	-200.00
332.78	-58.63	-200.00
332.78	-58.62	-200.00
332.79	-58.60	-200.00
332.79	-58.58	-200.00
332.80	-58.56	-200.00
332.80	-58.56	-200.00
332.80	-58.54	-200.00
332.81	-58.52	-200.00
332.81	-58.50	-200.00
332.82	-58.48	-200.00
332.82	-58.46	-200.00
332.82	-58.45	-200.00
332.82	-58.44	-200.00
332.82	-58.42	-200.00
332.83	-58.40	-200.00
332.83	-58.38	-200.00
332.83	-58.36	-200.00
332.83	-58.34	-200.00
332.83	-58.32	-200.00
332.83	-58.30	-200.00
332.83	-58.28	-200.00
332.83	-58.26	-200.00
332.83	-58.24	-200.00
332.82	-58.22	-200.00
332.82	-58.20	-200.00
332.82	-58.18	-200.00
332.82	-58.18	-200.00
332.82	-58.16	-200.00
332.81	-58.14	-200.00
332.81	-58.12	-200.00
332.81	-58.10	-200.00
332.80	-58.08	-200.00
332.80	-58.08	-200.00
332.80	-58.06	-200.00
332.79	-58.04	-200.00
332.78	-58.02	-200.00
332.78	-58.01	-200.00
332.78	-58.00	-200.00
332.77	-57.98	-200.00
332.76	-57.96	-200.00
332.76	-57.96	-200.00
332.75	-57.94	-200.00
332.74	-57.92	-200.00
332.74	-57.92	-200.00
332.73	-57.90	-200.00
332.72	-57.89	-200.00
332.71	-57.88	-200.00
332.70	-57.86	-200.00
332.70	-57.86	-200.00
332.68	-57.84	-200.00
332.68	-57.84	-200.00
332.66	-57.82	-200.00
332.66	-57.82	-200.00
332.64	-57.80	-200.00
332.64	-57.80	-200.00
332.62	-57.78	-200.00
332.62	-57.78	-200.00
332.60	-57.76	-200.00
332.60	-57.76	-200.00
332.58	-57.75	-200.00
332.57	-57.74	-200.00
332.56	-57.73	-200.00
332.55	-57.72	-200.00
332.54	-57.72	-200.00
332.52	-57.70	-200.00
332.52	-57.70	-200.00
332.50	-57.69	-200.00
332.49	-57.68	-200.00
332.48	-57.68	-200.00
332.46	-57.66	-200.00
332.45	-57.66	-200.00
332.44	-57.65	-200.00
332.42	-57.64	-200.00
332.42	-57.64	-200.00
332.40	-57.63	-200.00
332.38	-57.62	-200.00
332.38	-57.62	-200.00
332.36	-57.61	-200.00
332.35	-57.60	-200.00
332.34	-57.60	-200.00
332.32	-57.58	-200.00
332.31	-57.58	-200.00
332.30	-57.57	-200.00
332.28	-57.56	-200.00
332.28	-57.56	-200.00
332.26	-57.55	-200.00
332.24	-57.54	-200.00
332.24	-57.54	-200.00
332.22	-57.53	-200.00
332.21	-57.52	-200.00
332.20	-57.51	-200.00
332.18	-57.50	-200.00
332.18	-57.50	-200.00
332.16	-57.49	-200.00
332.15	-57.48	-200.00
332.14	-57.47	-200.00
332.13	-57.46	-200.00
332.12	-57.45	-200.00
332.10	-57.44	-200.00
332.10	-57.44	-200.00
332.08	-57.42	-200.00
332.08	-57.42	-200.00
332.06	-57.40	-200.00
332.06	-57.40	-200.00
332.04	-57.38	-200.00
332.04	-57.38	-200.00
332.02	-57.36	-200.00
332.02	-57.36	-200.00
332.00	-57.34	-200.00
332.00	-57.34	-200.00
331.99	-57.32	-200.00
331.98	-57.31	-200.00
331.97	-57.30	-200.00
331.96	-57.28	-200.00
331.96	-57.28	-200.00
331.94	-57.26	-200.00
331.94	-57.26	-200.00
331.93	-57.24	-200.00
331.92	-57.23	-200.00
331.92	-57.22	-200.00
331.90	-57.20	-200.00
331.90	-57.19	-200.00
331.89	-57.18	-200.00
331.88	-57.16	-200.00
331.88	-57.16	-200.00
331.87	-57.14	-200.00
331.86	-57.13	-200.00
331.85	-57.12	-200.00
331.84	-57.10	-200.00
331.84	-57.10	-200.00
331.83	-57.08	-200.00
331.82	-57.06	-200.00
331.82	-57.06	-200.00
331.80	-57.04	-200.00
331.80	-57.03	-200.00
331.79	-57.02	-200.00
331.78	-57.00	-200.00
331.78	-57.00	-200.00
331.77	-56.98	-200.00
331.76	-56.97	-200.00
331.75	-56.96	-200.00
331.74	-56.94	-200.00
331.74	-56.94	-200.00
331.73	-56.92	-200.00
331.72	-56.90	-200.00
331.72	-56.90	-200.00
331.71	-56.88	-200.00
331.70	-56.87	-200.00
331.69	-56.86	-200.00
331.68	-56.84	-200.00
331.68	-56.84	-200.00
331.67	-56.82	-200.00
331.66	-56.80	-200.00
331.66	-56.80	-200.00
331.65	-56.78	-200.00
331.64	-56.77	-200.00
331.64	-56.76	-200.00
331.62	-56.74	-200.00
331.62	-56.73	-200.00
331.61	-56.72	-200.00
331.60	-56.70	-200.00
331.60	-56.70	-200.00
331.59	-56.68	-200.00
331.58	-56.66	-200.00
331.58	-56.66	-200.00
331.57	-56.64	-200.00
331.56	-56.63	-200.00
331.56	-56.62	-200.00
331.54	-56.60	-200.00
331.54	-56.59	-200.00
331.53	-56.58	-200.00
331.52	-56.56	-200.00
331.52	-56.56	-200.00
331.51	-56.54	-200.00
> -180 contour -Z-180
331.39	-59.80	-180.00
331.40	-59.79	-180.00
331.41	-59.78	-180.00
331.42	-59.76	-180.00
331.42	-59.76	-180.00
331.44	-59.74	-180.00
331.44	-59.74	-180.00
331.46	-59.72	-180.00
331.46	-59.72	-180.00
331.48	-59.70	-180.00
331.48	-59.70	-180.00
331.50	-59.68	-180.00
331.50	-59.68	-180.00
331.52	-59.66	-180.00
331.52	-59.66	-180.00
331.54	-59.64	-180.00
331.54	-59.64	-180.00
331.56	-59.62	-180.00
331.56	-59.62	-180.00
331.58	-59.60	-180.00
331.58	-59.60	-180.00
331.60	-59.59	-180.00
331.61	-59.58	-180.00
331.62	-59.57	-180.00
331.63	-59.56	-180.00
331.64	-59.55	-180.00
331.66	-59.54	-180.00
331.66	-59.54	-180.00
331.68	-59.52	-180.00
331.68	-59.52	-180.00
331.70	-59.51	-180.00
331.71	-59.50	-180.00
331.72	-59.49	-180.00
331.74	-59.48	-180.00
331.74	-59.48	-180.00
331.76	-59.47	-180.00
331.77	-59.46	-180.00
331.78	-59.45	-180.00
331.80	-59.44	-180.00
331.80	-59.44	-180.00
331.82	-59.43	-180.00
331.84	-59.42	-180.00
331.84	-59.42	-180.00
331.86	-59.41	-180.00
331.87	-59.40	-180.00
331.88	-59.40	-180.00
331.90	-59.39	-180.00
331.91	-59.38	-180.00
331.92	-59.38	-180.00
331.94	-59.37	-180.00
331.96	-59.36	-180.00
331.96	-59.36	-180.00
331.98	-59.35	-180.00
332.00	-59.34	-180.00
332.00	-59.34	-180.00
332.02	-59.33	-180.00
332.04	-59.33	-180.00
332.05	-59.32	-180.00
332.06	-59.32	-180.00
332.08	-59.31	-180.00
332.10	-59.30	-180.00
332.11	-59.30	-180.00
332.12	-59.30	-180.00
332.14	-59.29	-180.00
332.16	-59.28	-180.00
332.16	-59.28	-180.00
332.18	-59.27	-180.00
332.20	-59.27	-180.00
332.22	-59.26	-180.00
332.22	-59.26	-180.00
332.24	-59.25	-180.00
332.26	-59.24	-180.00
332.27	-59.24	-180.00
332.28	-59.24	-180.00
332.30	-59.23	-180.00
332.32	-59.22	-180.00
332.32	-59.22	-180.00
332.34	-59.21	-180.00
332.36	-59.21	-180.00
332.37	-59.20	-180.00
332.38	-59.20	-180.00
332.40	-59.19	-180.00
332.42	-59.18	-180.00
332.42	-59.18	-180.00
332.44	-59.17	-180.00
332.46	-59.16	-180.00
332.46	-59.16	-180.00
332.48	-59.15	-180.00
332.50	-59.14	-180.00
332.50	-59.14	-180.00
332.52	-59.13	-180.00
332.54	-59.12	-180.00
332.54	-59.12	-180.00
332.56	-59.11	-180.00
332.57	-59.10	-180.00
332.58	-59.10	-180.00
332.60	-59.08	-180.00
332.61	-59.08	-180.00
332.62	-59.07	-180.00
332.63	-59.06	-180.00
332.64	-59.06	-180.00
332.66	-59.04	-180.00
332.66	-59.04	-180.00
332.68	-59.02	-180.00
332.69	-59.02	-180.00
332.70	-59.01	-180.00
332.71	-59.00	-180.00
332.72	-58.99	-180.00
332.73	-58.98	-180.00
332.74	-58.97	-180.00
332.75	-58.96	-180.00
332.76	-58.95	-180.00
332.76	-58.94	-180.00
332.78	-58.92	-180.00
332.78	-58.92	-180.00
332.80	-58.90	-180.00
332.80	-58.90	-180.00
332.81	-58.88	-180.00
332.82	-58.87	-180.00
332.83	-58.86	-180.00
332.84	-58.84	-180.00
332.84	-58.84	-180.00
332.85	-58.82	-180.00
332.86	-58.80	-180.00
332.86	-58.80	-180.00
332.87	-58.78	-180.00
332.88	-58.76	-180.00
332.88	-58.76	-180.00
332.89	-58.74	-180.00
332.90	-58.72	-180.00
332.90	-58.72	-180.00
332.91	-58.70	-180.00
332.91	-58.68	-180.00
332.92	-58.66	-180.00
332.92	-58.66	-180.00
332.93	-58.64	-180.00
332.93	-58.62	-180.00
332.94	-58.60	-180.00
332.94	-58.59	-180.00
332.94	-58.58	-180.00
332.95	-58.56	-180.00
332.95	-58.54	-180.00
332.95	-58.52	-180.00
332.96	-58.50	-180.00
332.96	-58.49	-180.00
332.96	-58.48	-180.00
332.96	-58.46	-180.00
332.97	-58.44	-180.00
332.97	-58.42	-180.00
332.97	-58.40	-180.00
332.97	-58.38	-180.00
332.97	-58.36	-180.00
332.97	-58.34	-180.00
332.97	-58.32	-180.00
332.97	-58.30	-180.00
332.97	-58.28	-180.00
332.97	-58.26	-180.00
332.97	-58.24	-180.00
332.97	-58.22	-180.00
332.96	-58.20	-180.00
332.96	-58.18	-180.00
332.96	-58.17	-180.00
332.96	-58.16	-180.00
332.95	-58.14	-180.00
332.95	-58.12	-180.00
332.95	-58.10	-180.00
332.94	-58.08	-180.00
332.94	-58.06	-180.00
332.94	-58.06	-180.00
332.93	-58.04	-180.00
332.93	-58.02	-180.00
332.92	-58.00	-180.00
332.92	-57.99	-180.00
332.92	-57.98	-180.00
332.91	-57.96	-180.00
332.90	-57.94	-180.00
332.90	-57.93	-180.00
332.89	-57.92	-180.00
332.89	-57.90	-180.00
332.88	-57.89	-180.00
332.87	-57.88	-180.00
332.86	-57.86	-180.00
332.86	-57.85	-180.00
332.85	-57.84	-180.00
332.84	-57.82	-180.00
332.84	-57.82	-180.00
332.82	-57.80	-180.00
332.82	-57.80	-180.00
332.81	-57.78	-180.00
332.80	-57.77	-180.00
332.79	-57.76	-180.00
332.78	-57.75	-180.00
332.77	-57.74	-180.00
332.76	-57.73	-180.00
332.75	-57.72	-180.00
332.74	-57.71	-180.00
332.73	-57.70	-180.00
332.72	-57.69	-180.00
332.71	-57.68	-180.00
332.70	-57.67	-180.00
332.68	-57.66	-180.00
332.68	-57.66	-180.00
332.66	-57.64	-180.00
332.66	-57.64	-180.00
332.64	-57.63	-180.00
332.63	-57.62	-180.00
332.62	-57.61	-180.00
332.60	-57.60	-180.00
332.60	-57.60	-180.00
332.58	-57.58	-180.00
332.57	-57.58	-180.00
332.56	-57.57	-180.00
332.55	-57.56	-180.00
332.54	-57.56	-180.00
332.52	-57.54	-180.00
332.52	-57.54	-180.00
332.50	-57.53	-180.00
332.49	-57.52	-180.00
332.48	-57.51	-180.00
332.46	-57.50	-180.00
332.46	-57.50	-180.00
332.44	-57.48	-180.00
332.44	-57.48	-180.00
332.42	-57.47	-180.00
332.41	-57.46	-180.00
332.40	-57.45	-180.00
332.38	-57.44	-180.00
332.38	-57.44	-180.00
332.36	-57.42	-180.00
332.36	-57.42	-180.00
332.34	-57.41	-180.00
332.33	-57.40	-180.00
332.32	-57.39	-180.00
332.31	-57.38	-180.00
332.30	-57.37	-180.00
332.29	-57.36	-180.00
332.28	-57.35	-180.00
332.27	-57.34	-180.00
332.26	-57.33	-180.00
332.25	-57.32	-180.00
332.24	-57.31	-180.00
332.23	-57.30	-180.00
332.22	-57.29	-180.00
332.21	-57.28	-180.00
332.20	-57.27	-180.00
332.19	-57.26	-180.00
332.18	-57.25	-180.00
332.17	-57.24	-180.00
332.16	-57.23	-180.00
332.16	-57.22	-180.00
332.14	-57.20	-180.00
332.14	-57.20	-180.00
332.12	-57.18	-180.00
332.12	-57.17	-180.00
332.11	-57.16	-180.00
332.10	-57.15	-180.00
332.10	-57.14	-180.00
332.08	-57.12	-180.00
332.08	-57.12	-180.00
332.07	-57.10	-180.00
332.06	-57.09	-180.00
332.05	-57.08	-180.00
332.04	-57.06	-180.00
332.04	-57.06	-180.00
332.03	-57.04	-180.00
332.02	-57.03	-180.00
332.01	-57.02	-180.00
332.00	-57.00	-180.00
332.00	-57.00	-180.00
331.98	-56.98	-180.00
331.98	-56.98	-180.00
331.97	-56.96	-180.00
331.96	-56.95	-180.00
331.96	-56.94	-180.00
331.94	-56.92	-180.00
331.94	-56.92	-180.00
331.93	-56.90	-180.00
331.92	-56.88	-180.00
331.92	-56.88	-180.00
331.91	-56.86	-180.00
331.90	-56.85	-180.00
331.89	-56.84	-180.00
331.88	-56.82	-180.00
331.88	-56.82	-180.00
331.87	-56.80	-180.00
331.86	-56.78	-180.00
331.86	-56.78	-180.00
331.85	-56.76	-180.00
331.84	-56.75	-180.00
331.84	-56.74	-180.00
331.82	-56.72	-180.00
331.82	-56.71	-180.00
331.81	-56.70	-180.00
331.80	-56.68	-180.00
331.80	-56.68	-180.00
331.79	-56.66	-180.00
331.78	-56.64	-180.00
331.78	-56.64	-180.00
331.77	-56.62	-180.00
331.76	-56.61	-180.00
331.76	-56.60	-180.00
331.74	-56.58	-180.00
331.74	-56.57	-180.00
331.73	-56.56	-180.00
331.72	-56.54	-180.00
331.72	-56.54	-180.00
331.71	-56.52	-180.00
331.70	-56.50	-180.00
331.70	-56.50	-180.00
331.69	-56.48	-180.00
331.68	-56.47	-180.00
331.67	-56.46	-180.00
> -160 contour -Z-160
331.50	-59.86	-160.00
331.51	-59.84	-160.00
331.52	-59.83	-160.00
331.53	-59.82	-160.00
331.54	-59.81	-160.00
331.55	-59.80	-160.00
331.56	-59.79	-160.00
331.57	-59.78	-160.00
331.58	-59.76	-160.00
331.58	-59.76	-160.00
331.60	-59.74	-160.00
331.60	-59.74	-160.00
331.62	-59.72	-160.00
331.62	-59.72	-160.00
331.64	-59.70	-160.00
331.64	-59.70	-160.00
331.66	-59.68	-160.00
331.66	-59.68	-160.00
331.68	-59.66	-160.00
331.68	-59.66	-160.00
331.70	-59.65	-160.00
331.71	-59.64	-160.00
331.72	-59.63	-160.00
331.73	-59.62	-160.00
331.74	-59.61	-160.00
331.75	-59.60	-160.00
331.76	-59.60	-160.00
331.78	-59.58	-160.00
331.78	-59.58	-160.00
331.80	-59.56	-160.00
331.81	-59.56	-160.00
331.82	-59.55	-160.00
331.83	-59.54	-160.00
331.84	-59.53	-160.00
331.86	-59.52	-160.00
331.86	-59.52	-160.00
331.88	-59.51	-160.00
331.89	-59.50	-160.00
331.90	-59.50	-160.00
331.92	-59.48	-160.00
331.92	-59.48	-160.00
331.94	-59.47	-160.00
331.96	-59.46	-160.00
331.96	-59.46	-160.00
331.98	-59.45	-160.00
332.00	-59.44	-160.00
332.00	-59.44	-160.00
332.02	-59.43	-160.00
332.04	-59.42	-160.00
332.04	-59.42	-160.00
332.06	-59.41	-160.00
332.08	-59.41	-160.00
332.09	-59.40	-160.00
332.10	-59.40	-160.00
332.12	-59.39	-160.00
332.14	-59.38	-160.00
332.15	-59.38	-160.00
332.16	-59.37	-160.00
332.18	-59.37	-160.00
332.20	-59.36	-160.00
332.20	-59.36	-160.00
332.22	-59.35	-160.00
332.24	-59.35	-160.00
332.26	-59.34	-160.00
332.26	-59.34	-160.00
332.28	-59.33	-160.00
332.30	-59.32	-160.00
332.31	-59.32	-160.00
332.32	-59.32	-160.00
332.34	-59.31	-160.00
332.36	-59.30	-160.00
332.37	-59.30	-160.00
332.38	-59.29	-160.00
332.40	-59.29	-160.00
332.42	-59.28	-160.00
332.42	-59.28	-160.00
332.44	-59.27	-160.00
332.46	-59.26	-160.00
332.47	-59.26	-160.00
332.48	-59.25	-160.00
332.50	-59.24	-160.00
332.51	-59.24	-160.00
332.52	-59.24	-160.00
332.54	-59.23	-160.00
332.55	-59.22	-160.00
332.56	-59.22	-160.00
332.58	-59.21	-160.00
332.59	-59.20	-160.00
332.60	-59.20	-160.00
332.62	-59.19	-160.00
332.63	-59.18	-160.00
332.64	-59.17	-160.00
332.66	-59.16	-160.00
332.66	-59.16	-160.00
332.68	-59.15	-160.00
332.70	-59.14	-160.00
332.70	-59.14	-160.00
332.72	-59.13	-160.00
332.73	-59.12	-160.00
332.74	-59.11	-160.00
332.76	-59.10	-160.00
332.76	-59.10	-160.00
332.78	-59.08	-160.00
332.79	-59.08	-160.00
332.80	-59.07	-160.00
332.81	-59.06	-160.00
332.82	-59.05	-160.00
332.84	-59.04	-160.00
332.84	-59.04	-160.00
332.86	-59.02	-160.00
332.86	-59.02	-160.00
332.88	-59.00	-160.00
332.88	-59.00	-160.00
332.90	-58.98	-160.00
332.90	-58.98	-160.00
332.92	-58.96	-160.00
332.92	-58.96	-160.00
332.94	-58.94	-160.00
332.94	-58.94	-160.00
332.96	-58.92	-160.00
332.96	-58.91	-160.00
332.97	-58.90	-160.00
332.98	-58.89	-160.00
332.99	-58.88	-160.00
333.00	-58.86	-160.00
333.00	-58.86	-160.00
333.01	-58.84	-160.00
333.02	-58.83	-160.00
333.03	-58.82	-160.00
333.04	-58.80	-160.00
333.04	-58.79	-160.00
333.05	-58.78	-160.00
333.06	-58.76	-160.00
333.06	-58.75	-160.00
333.07	-58.74	-160.00
333.07	-58.72	-160.00
333.08	-58.70	-160.00
333.08	-58.70	-160.00
333.09	-58.68	-160.00
333.09	-58.66	-160.00
333.10	-58.64	-160.00
333.10	-58.63	-160.00
333.10	-58.62	-160.00
333.11	-58.60	-160.00
333.11	-58.58	-160.00
333.11	-58.56	-160.00
333.12	-58.54	-160.00
333.12	-58.53	-160.00
333.12	-58.52	-160.00
333.12	-58.50	-160.00
333.13	-58.48	-160.00
333.13	-58.46	-160.00
333.13	-58.44	-160.00
333.13	-58.42	-160.00
333.13	-58.40	-160.00
333.13	-58.38	-160.00
333.13	-58.36	-160.00
333.13	-58.34	-160.00
333.13	-58.32	-160.00
333.13	-58.30	-160.00
333.13	-58.28	-160.00
333.13	-58.26	-160.00
333.12	-58.24	-160.00
333.12	-58.22	-160.00
333.12	-58.22	-160.00
333.12	-58.20	-160.00
333.11	-58.18	-160.00
333.11	-58.16	-160.00
333.11	-58.14	-160.00
333.10	-58.12	-160.00
333.10	-58.10	-160.00
333.10	-58.10	-160.00
333.10	-58.08	-160.00
333.09	-58.06	-160.00
333.09	-58.04	-160.00
333.08	-58.02	-160.00
333.08	-58.01	-160.00
333.08	-58.00	-160.00
333.07	-57.98	-160.00
333.07	-57.96	-160.00
333.06	-57.94	-160.00
333.06	-57.94	-160.00
333.05	-57.92	-160.00
333.05	-57.90	-160.00
333.04	-57.88	-160.00
333.04	-57.88	-160.00
333.03	-57.86	-160.00
333.02	-57.84	-160.00
333.02	-57.84	-160.00
333.01	-57.82	-160.00
333.00	-57.80	-160.00
333.00	-57.80	-160.00
332.99	-57.78	-160.00
332.98	-57.77	-160.00
332.98	-57.76	-160.00
332.96	-57.74	-160.00
332.96	-57.74	-160.00
332.95	-57.72	-160.00
332.94	-57.71	-160.00
332.93	-57.70	-160.00
332.92	-57.68	-160.00
332.92	-57.68	-160.00
332.90	-57.66	-160.00
332.90	-57.66	-160.00
332.89	-57.64	-160.00
332.88	-57.63	-160.00
332.87	-57.62	-160.00
332.86	-57.61	-160.00
332.85	-57.60	-160.00
332.84	-57.59	-160.00
332.83	-57.58	-160.00
332.82	-57.57	-160.00
332.81	-57.56	-160.00
332.80	-57.55	-160.00
332.79	-57.54	-160.00
332.78	-57.53	-160.00
332.77	-57.52	-160.00
332.76	-57.51	-160.00
332.75	-57.50	-160.00
332.74	-57.49	-160.00
332.72	-57.48	-160.00
332.72	-57.48	-160.00
332.70	-57.46	-160.00
332.70	-57.46	-160.00
332.68	-57.44	-160.00
332.68	-57.44	-160.00
332.66	-57.42	-160.00
332.66	-57.42	-160.00
332.64	-57.40	-160.00
332.63	-57.40	-160.00
332.62	-57.39	-160.00
332.61	-57.38	-160.00
332.60	-57.37	-160.00
332.59	-57.36	-160.00
332.58	-57.35	-160.00
332.57	-57.34	-160.00
332.56	-57.33	-160.00
332.54	-57.32	-160.00
332.54	-57.32	-160.00
332.52	-57.30	-160.00
332.52	-57.30	-160.00
332.50	-57.28	-160.00
332.50	-57.28	-160.00
332.48	-57.26	-160.00
332.48	-57.26	-160.00
332.46	-57.24	-160.00
332.46	-57.24	-160.00
332.44	-57.22	-160.00
332.44	-57.22	-160.00
332.42	-57.20	-160.00
332.42	-57.19	-160.00
332.41	-57.18	-160.00
332.40	-57.17	-160.00
332.39	-57.16	-160.00
332.38	-57.15	-160.00
332.37	-57.14	-160.00
332.36	-57.13	-160.00
332.35	-57.12	-160.00
332.34	-57.11	-160.00
332.33	-57.10	-160.00
332.32	-57.08	-160.00
332.32	-57.08	-160.00
332.30	-57.06	-160.00
332.30	-57.06	-160.00
332.28	-57.04	-160.00
332.28	-57.04	-160.00
332.27	-57.02	-160.00
332.26	-57.01	-160.00
332.25	-57.00	-160.00
332.24	-56.99	-160.00
332.23	-56.98	-160.00
332.22	-56.96	-160.00
332.22	-56.96	-160.00
332.20	-56.94	-160.00
332.20	-56.94	-160.00
332.19	-56.92	-160.00
332.18	-56.91	-160.00
332.17	-56.90	-160.00
332.16	-56.88	-160.00
332.16	-56.88	-160.00
332.14	-56.86	-160.00
332.14	-56.85	-160.00
332.13	-56.84	-160.00
332.12	-56.82	-160.00
332.12	-56.82	-160.00
332.11	-56.80	-160.00
332.10	-56.79	-160.00
332.09	-56.78	-160.00
332.08	-56.76	-160.00
332.08	-56.76	-160.00
332.07	-56.74	-160.00
332.06	-56.73	-160.00
332.05	-56.72	-160.00
332.04	-56.70	-160.00
332.04	-56.70	-160.00
332.03	-56.68	-160.00
332.02	-56.67	-160.00
332.02	-56.66	-160.00
332.00	-56.64	-160.00
332.00	-56.64	-160.00
331.99	-56.62	-160.00
331.98	-56.60	-160.00
331.98	-56.60	-160.00
331.97	-56.58	-160.00
331.96	-56.57	-160.00
331.95	-56.56	-160.00
331.94	-56.54	-160.00
331.94	-56.54	-160.00
331.93	-56.52	-160.00
331.92	-56.51	-160.00
331.91	-56.50	-160.00
331.90	-56.48	-160.00
331.90	-56.48	-160.00
331.89	-56.46	-160.00
331.88	-56.45	-160.00
331.87	-56.44	-160.00
331.86	-56.42	-160.00
331.86	-56.42	-160.00
331.85	-56.40	-160.00
331.84	-56.39	-160.00
331.84	-56.38	-160.00
> -140 contour -Z-140
331.62	-59.90	-140.00
331.64	-59.88	-140.00
331.64	-59.87	-140.00
331.65	-59.86	-140.00
331.66	-59.85	-140.00
331.67	-59.84	-140.00
331.68	-59.83	-140.00
331.68	-59.82	-140.00
331.70	-59.80	-140.00
331.70	-59.80	-140.00
331.72	-59.78	-140.00
331.72	-59.78	-140.00
331.74	-59.76	-140.00
331.74	-59.76	-140.00
331.76	-59.74	-140.00
331.76	-59.74	-140.00
331.78	-59.72	-140.00
331.78	-59.72	-140.00
331.80	-59.70	-140.00
331.80	-59.70	-140.00
331.82	-59.69	-140.00
331.83	-59.68	-140.00
331.84	-59.67	-140.00
331.85	-59.66	-140.00
331.86	-59.65	-140.00
331.88	-59.64	-140.00
331.88	-59.64	-140.00
331.90	-59.62	-140.00
331.90	-59.62	-140.00
331.92	-59.61	-140.00
331.93	-59.60	-140.00
331.94	-59.59	-140.00
331.96	-59.58	-140.00
331.96	-59.58	-140.00
331.98	-59.57	-140.00
332.00	-59.56	-140.00
332.00	-59.56	-140.00
332.02	-59.55	-140.00
332.03	-59.54	-140.00
332.04	-59.54	-140.00
332.06	-59.52	-140.00
332.07	-59.52	-140.00
332.08	-59.51	-140.00
332.10	-59.50	-140.00
332.11	-59.50	-140.00
332.12	-59.50	-140.00
332.14	-59.49	-140.00
332.15	-59.48	-140.00
332.16	-59.48	-140.00
332.18	-59.47	-140.00
332.20	-59.46	-140.00
332.20	-59.46	-140.00
332.22	-59.45	-140.00
332.24	-59.45	-140.00
332.25	-59.44	-140.00
332.26	-59.44	-140.00
332.28	-59.43	-140.00
332.30	-59.42	-140.00
332.31	-59.42	-140.00
332.32	-59.42	-140.00
332.34	-59.41	-140.00
332.36	-59.40	-140.00
332.36	-59.40	-140.00
332.38	-59.39	-140.00
332.40	-59.39	-140.00
332.41	-59.38	-140.00
332.42	-59.38	-140.00
332.44	-59.37	-140.00
332.46	-59.36	-140.00
332.46	-59.36	-140.00
332.48	-59.35	-140.00
332.50	-59.34	-140.00
332.51	-59.34	-140.00
332.52	-59.34	-140.00
332.54	-59.33	-140.00
332.55	-59.32	-140.00
332.56	-59.32	-140.00
332.58	-59.31	-140.00
332.60	-59.30	-140.00
332.60	-59.30	-140.00
332.62	-59.29	-140.00
332.64	-59.28	-140.00
332.64	-59.28	-140.00
332.66	-59.27	-140.00
332.68	-59.26	-140.00
332.68	-59.26	-140.00
332.70	-59.25	-140.00
332.71	-59.24	-140.00
332.72	-59.24	-140.00
332.74	-59.23	-140.00
332.75	-59.22	-140.00
332.76	-59.21	-140.00
332.78	-59.20	-140.00
332.78	-59.20	-140.00
332.80	-59.19	-140.00
332.82	-59.18	-140.00
332.82	-59.18	-140.00
332.84	-59.17	-140.00
332.85	-59.16	-140.00
332.86	-59.15	-140.00
332.88	-59.14	-140.00
332.88	-59.14	-140.00
332.90	-59.13	-140.00
332.92	-59.12	-140.00
332.92	-59.12	-140.00
332.94	-59.10	-140.00
332.95	-59.10	-140.00
332.96	-59.09	-140.00
332.98	-59.08	-140.00
332.98	-59.08	-140.00
333.00	-59.06	-140.00
333.01	-59.06	-140.00
333.02	-59.05	-140.00
333.04	-59.04	-140.00
333.04	-59.04	-140.00
333.06	-59.02	-140.00
333.06	-59.02	-140.00
333.08	-59.01	-140.00
333.09	-59.00	-140.00
333.10	-58.99	-140.00
333.11	-58.98	-140.00
333.12	-58.97	-140.00
333.13	-58.96	-140.00
333.14	-58.95	-140.00
333.15	-58.94	-140.00
333.16	-58.93	-140.00
333.17	-58.92	-140.00
333.18	-58.91	-140.00
333.19	-58.90	-140.00
333.20	-58.89	-140.00
333.21	-58.88	-140.00
333.22	-58.86	-140.00
333.22	-58.86	-140.00
333.23	-58.84	-140.00
333.24	-58.83	-140.00
333.24	-58.82	-140.00
333.25	-58.80	-140.00
333.26	-58.78	-140.00
333.26	-58.78	-140.00
333.27	-58.76	-140.00
333.27	-58.74	-140.00
333.28	-58.72	-140.00
333.28	-58.72	-140.00
333.28	-58.70	-140.00
333.29	-58.68	-140.00
333.29	-58.66	-140.00
333.29	-58.64	-140.00
333.30	-58.62	-140.00
333.30	-58.60	-140.00
333.30	-58.58	-140.00
333.30	-58.57	-140.00
333.30	-58.56	-140.00
333.30	-58.54	-140.00
333.30	-58.52	-140.00
333.31	-58.50	-140.00
333.31	-58.48	-140.00
333.31	-58.46	-140.00
333.31	-58.44	-140.00
333.31	-58.42	-140.00
333.31	-58.40	-140.00
333.30	-58.38	-140.00
333.30	-58.36	-140.00
333.30	-58.34	-140.00
333.30	-58.34	-140.00
333.30	-58.32	-140.00
333.29	-58.30	-140.00
333.29	-58.28	-140.00
333.29	-58.26	-140.00
333.28	-58.24	-140.00
333.28	-58.22	-140.00
333.28	-58.21	-140.00
333.28	-58.20	-140.00
333.27	-58.18	-140.00
333.27	-58.16	-140.00
333.27	-58.14	-140.00
333.26	-58.12	-140.00
333.26	-58.12	-140.00
333.26	-58.10	-140.00
333.25	-58.08	-140.00
333.25	-58.06	-140.00
333.24	-58.04	-140.00
333.24	-58.02	-140.00
333.24	-58.02	-140.00
333.23	-58.00	-140.00
333.23	-57.98	-140.00
333.22	-57.96	-140.00
333.22	-57.94	-140.00
333.22	-57.94	-140.00
333.21	-57.92	-140.00
333.21	-57.90	-140.00
333.20	-57.88	-140.00
333.20	-57.88	-140.00
333.19	-57.86	-140.00
333.19	-57.84	-140.00
333.18	-57.82	-140.00
333.18	-57.82	-140.00
333.17	-57.80	-140.00
333.16	-57.78	-140.00
333.16	-57.77	-140.00
333.16	-57.76	-140.00
333.15	-57.74	-140.00
333.14	-57.73	-140.00
333.14	-57.72	-140.00
333.13	-57.70	-140.00
333.12	-57.69	-140.00
333.12	-57.68	-140.00
333.11	-57.66	-140.00
333.10	-57.65	-140.00
333.10	-57.64	-140.00
333.08	-57.62	-140.00
333.08	-57.61	-140.00
333.07	-57.60	-140.00
333.06	-57.58	-140.00
333.06	-57.58	-140.00
333.05	-57.56	-140.00
333.04	-57.54	-140.00
333.04	-57.54	-140.00
333.03	-57.52	-140.00
333.02	-57.51	-140.00
333.01	-57.50	-140.00
333.00	-57.48	-140.00
333.00	-57.48	-140.00
332.99	-57.46	-140.00
332.98	-57.45	-140.00
332.97	-57.44	-140.00
332.96	-57.42	-140.00
332.96	-57.42	-140.00
332.95	-57.40	-140.00
332.94	-57.39	-140.00
332.93	-57.38	-140.00
332.92	-57.36	-140.00
332.92	-57.36	-140.00
332.90	-57.34	-140.00
332.90	-57.33	-140.00
332.89	-57.32	-140.00
332.88	-57.31	-140.00
332.87	-57.30	-140.00
332.86	-57.29	-140.00
332.85	-57.28	-140.00
332.84	-57.26	-140.00
332.84	-57.26	-140.00
332.82	-57.24	-140.00
332.82	-57.24	-140.00
332.80	-57.22	-140.00
332.80	-57.22	-140.00
332.78	-57.20	-140.00
332.78	-57.20	-140.00
332.76	-57.18	-140.00
332.76	-57.18	-140.00
332.74	-57.17	-140.00
332.73	-57.16	-140.00
332.72	-57.15	-140.00
332.71	-57.14	-140.00
332.70	-57.13	-140.00
332.69	-57.12	-140.00
332.68	-57.11	-140.00
332.67	-57.10	-140.00
332.66	-57.10	-140.00
332.64	-57.08	-140.00
332.64	-57.08	-140.00
332.62	-57.06	-140.00
332.62	-57.06	-140.00
332.60	-57.04	-140.00
332.60	-57.04	-140.00
332.58	-57.03	-140.00
332.57	-57.02	-140.00
332.56	-57.01	-140.00
332.55	-57.00	-140.00
332.54	-56.99	-140.00
332.53	-56.98	-140.00
332.52	-56.97	-140.00
332.51	-56.96	-140.00
332.50	-56.95	-140.00
332.49	-56.94	-140.00
332.48	-56.93	-140.00
332.47	-56.92	-140.00
332.46	-56.91	-140.00
332.45	-56.90	-140.00
332.44	-56.88	-140.00
332.44	-56.88	-140.00
332.42	-56.86	-140.00
332.42	-56.86	-140.00
332.41	-56.84	-140.00
332.40	-56.83	-140.00
332.39	-56.82	-140.00
332.38	-56.81	-140.00
332.38	-56.80	-140.00
332.36	-56.78	-140.00
332.36	-56.78	-140.00
332.35	-56.76	-140.00
332.34	-56.75	-140.00
332.33	-56.74	-140.00
332.32	-56.72	-140.00
332.32	-56.72	-140.00
332.30	-56.70	-140.00
332.30	-56.70	-140.00
332.29	-56.68	-140.00
332.28	-56.67	-140.00
332.27	-56.66	-140.00
332.26	-56.64	-140.00
332.26	-56.64	-140.00
332.24	-56.62	-140.00
332.24	-56.62	-140.00
332.23	-56.60	-140.00
332.22	-56.59	-140.00
332.21	-56.58	-140.00
332.20	-56.56	-140.00
332.20	-56.56	-140.00
332.18	-56.54	-140.00
332.18	-56.54	-140.00
332.17	-56.52	-140.00
332.16	-56.51	-140.00
332.15	-56.50	-140.00
332.14	-56.49	-140.00
332.13	-56.48	-140.00
332.12	-56.46	-140.00
332.12	-56.46	-140.00
332.10	-56.44	-140.00
332.10	-56.44	-140.00
332.09	-56.42	-140.00
332.08	-56.41	-140.00
332.07	-56.40	-140.00
332.06	-56.39	-140.00
332.05	-56.38	-140.00
332.04	-56.36	-140.00
332.04	-56.36	-140.00
332.02	-56.34	-140.00
332.02	-56.34	-140.00
332.01	-56.32	-140.00
332.00	-56.31	-140.00
331.99	-56.30	-140.00
> -120 contour -Z-120
331.74	-59.94	-120.00
331.74	-59.94	-120.00
331.75	-59.92	-120.00
331.76	-59.91	-120.00
331.77	-59.90	-120.00
331.78	-59.89	-120.00
331.79	-59.88	-120.00
331.80	-59.86	-120.00
331.80	-59.86	-120.00
331.82	-59.84	-120.00
331.82	-59.84	-120.00
331.84	-59.82	-120.00
331.84	-59.82	-120.00
331.86	-59.80	-120.00
331.86	-59.80	-120.00
331.88	-59.78	-120.00
331.88	-59.78	-120.00
331.90	-59.76	-120.00
331.90	-59.76	-120.00
331.92	-59.75	-120.00
331.93	-59.74	-120.00
331.94	-59.73	-120.00
331.95	-59.72	-120.00
331.96	-59.72	-120.00
331.98	-59.70	-120.00
331.98	-59.70	-120.00
332.00	-59.69	-120.00
332.01	-59.68	-120.00
332.02	-59.67	-120.00
332.04	-59.66	-120.00
332.04	-59.66	-120.00
332.06	-59.65	-120.00
332.08	-59.64	-120.00
332.08	-59.64	-120.00
332.10	-59.63	-120.00
332.12	-59.62	-120.00
332.12	-59.62	-120.00
332.14	-59.61	-120.00
332.16	-59.60	-120.00
332.16	-59.60	-120.00
332.18	-59.59	-120.00
332.20	-59.58	-120.00
332.20	-59.58	-120.00
332.22	-59.57	-120.00
332.24	-59.56	-120.00
332.24	-59.56	-120.00
332.26	-59.55	-120.00
332.28	-59.54	-120.00
332.29	-59.54	-120.00
332.30	-59.54	-120.00
332.32	-59.53	-120.00
332.34	-59.52	-120.00
332.34	-59.52	-120.00
332.36	-59.51	-120.00
332.38	-59.50	-120.00
332.38	-59.50	-120.00
332.40	-59.49	-120.00
332.42	-59.48	-120.00
332.43	-59.48	-120.00
332.44	-59.48	-120.00
332.46	-59.47	-120.00
332.48	-59.46	-120.00
332.48	-59.46	-120.00
332.50	-59.45	-120.00
332.52	-59.44	-120.00
332.52	-59.44	-120.00
332.54	-59.43	-120.00
332.56	-59.42	-120.00
332.56	-59.42	-120.00
332.58	-59.41	-120.00
332.60	-59.40	-120.00
332.60	-59.40	-120.00
332.62	-59.39	-120.00
332.64	-59.38	-120.00
332.64	-59.38	-120.00
332.66	-59.37	-120.00
332.68	-59.36	-120.00
332.68	-59.36	-120.00
332.70	-59.35	-120.00
332.72	-59.34	-120.00
332.72	-59.34	-120.00
332.74	-59.33	-120.00
332.76	-59.32	-120.00
332.76	-59.32	-120.00
332.78	-59.31	-120.00
332.80	-59.30	-120.00
332.80	-59.30	-120.00
332.82	-59.29	-120.00
332.84	-59.28	-120.00
332.84	-59.28	-120.00
332.86	-59.27	-120.00
332.87	-59.26	-120.00
332.88	-59.26	-120.00
332.90	-59.25	-120.00
332.91	-59.24	-120.00
332.92	-59.23	-120.00
332.94	-59.22	-120.00
332.95	-59.22	-120.00
332.96	-59.21	-120.00
332.98	-59.20	-120.00
332.99	-59.20	-120.00
333.00	-59.19	-120.00
333.02	-59.18	-120.00
333.02	-59.18	-120.00
333.04	-59.17	-120.00
333.06	-59.16	-120.00
333.06	-59.16	-120.00
333.08	-59.15	-120.00
333.10	-59.14	-120.00
333.10	-59.14	-120.00
333.12	-59.13	-120.00
333.14	-59.12	-120.00
333.14	-59.12	-120.00
333.16	-59.11	-120.00
333.18	-59.10	-120.00
333.18	-59.10	-120.00
333.20	-59.09	-120.00
333.22	-59.08	-120.00
333.22	-59.08	-120.00
333.24	-59.07	-120.00
333.26	-59.06	-120.00
333.26	-59.06	-120.00
333.28	-59.05	-120.00
333.29	-59.04	-120.00
333.30	-59.03	-120.00
333.32	-59.02	-120.00
333.32	-59.02	-120.00
333.34	-59.01	-120.00
333.35	-59.00	-120.00
333.36	-58.99	-120.00
333.37	-58.98	-120.00
333.38	-58.97	-120.00
333.39	-58.96	-120.00
333.40	-58.95	-120.00
333.41	-58.94	-120.00
333.42	-58.92	-120.00
333.42	-58.92	-120.00
333.43	-58.90	-120.00
333.44	-58.89	-120.00
333.44	-58.88	-120.00
333.45	-58.86	-120.00
333.46	-58.84	-120.00
333.46	-58.84	-120.00
333.47	-58.82	-120.00
333.47	-58.80	-120.00
333.48	-58.78	-120.00
333.48	-58.77	-120.00
333.48	-58.76	-120.00
333.48	-58.74	-120.00
333.49	-58.72	-120.00
333.49	-58.70	-120.00
333.49	-58.68	-120.00
333.49	-58.66	-120.00
333.49	-58.64	-120.00
333.49	-58.62	-120.00
333.49	-58.60	-120.00
333.49	-58.58	-120.00
333.49	-58.56	-120.00
333.49	-58.54	-120.00
333.49	-58.52	-120.00
333.49	-58.50	-120.00
333.49	-58.48	-120.00
333.49	-58.46	-120.00
333.49	-58.44	-120.00
333.49	-58.42	-120.00
333.49	-58.40	-120.00
333.48	-58.38	-120.00
333.48	-58.36	-120.00
333.48	-58.35	-120.00
333.48	-58.34	-120.00
333.47	-58.32	-120.00
333.47	-58.30	-120.00
333.47	-58.28	-120.00
333.46	-58.26	-120.00
333.46	-58.25	-120.00
333.46	-58.24	-120.00
333.45	-58.22	-120.00
333.45	-58.20	-120.00
333.44	-58.18	-120.00
333.44	-58.17	-120.00
333.44	-58.16	-120.00
333.43	-58.14	-120.00
333.43	-58.12	-120.00
333.42	-58.10	-120.00
333.42	-58.09	-120.00
333.42	-58.08	-120.00
333.41	-58.06	-120.00
333.41	-58.04	-120.00
333.40	-58.02	-120.00
333.40	-58.01	-120.00
333.40	-58.00	-120.00
333.39	-57.98	-120.00
333.39	-57.96	-120.00
333.38	-57.94	-120.00
333.38	-57.93	-120.00
333.38	-57.92	-120.00
333.37	-57.90	-120.00
333.37	-57.88	-120.00
333.36	-57.86	-120.00
333.36	-57.85	-120.00
333.36	-57.84	-120.00
333.35	-57.82	-120.00
333.34	-57.80	-120.00
333.34	-57.79	-120.00
333.34	-57.78	-120.00
333.33	-57.76	-120.00
333.32	-57.74	-120.00
333.32	-57.73	-120.00
333.32	-57.72	-120.00
333.31	-57.70	-120.00
333.30	-57.68	-120.00
333.30	-57.68	-120.00
333.29	-57.66	-120.00
333.29	-57.64	-120.00
333.28	-57.62	-120.00
333.28	-57.62	-120.00
333.27	-57.60	-120.00
333.26	-57.58	-120.00
333.26	-57.57	-120.00
333.25	-57.56	-120.00
333.25	-57.54	-120.00
333.24	-57.52	-120.00
333.24	-57.52	-120.00
333.23	-57.50	-120.00
333.22	-57.48	-120.00
333.22	-57.47	-120.00
333.21	-57.46	-120.00
333.21	-57.44	-120.00
333.20	-57.42	-120.00
333.20	-57.42	-120.00
333.19	-57.40	-120.00
333.18	-57.38	-120.00
333.18	-57.37	-120.00
333.18	-57.36	-120.00
333.17	-57.34	-120.00
333.16	-57.32	-120.00
333.16	-57.32	-120.00
333.15	-57.30	-120.00
333.14	-57.28	-120.00
333.14	-57.27	-120.00
333.13	-57.26	-120.00
333.12	-57.24	-120.00
333.12	-57.23	-120.00
333.11	-57.22	-120.00
333.10	-57.20	-120.00
333.10	-57.19	-120.00
333.09	-57.18	-120.00
333.08	-57.16	-120.00
333.08	-57.16	-120.00
333.07	-57.14	-120.00
333.06	-57.13	-120.00
333.06	-57.12	-120.00
333.04	-57.10	-120.00
333.04	-57.10	-120.00
333.03	-57.08	-120.00
333.02	-57.07	-120.00
333.01	-57.06	-120.00
333.00	-57.05	-120.00
332.99	-57.04	-120.00
332.98	-57.02	-120.00
332.98	-57.02	-120.00
332.96	-57.00	-120.00
332.96	-57.00	-120.00
332.94	-56.98	-120.00
332.94	-56.98	-120.00
332.92	-56.96	-120.00
332.91	-56.96	-120.00
332.90	-56.95	-120.00
332.89	-56.94	-120.00
332.88	-56.93	-120.00
332.87	-56.92	-120.00
332.86	-56.91	-120.00
332.85	-56.90	-120.00
332.84	-56.90	-120.00
332.82	-56.88	-120.00
332.82	-56.88	-120.00
332.80	-56.86	-120.00
332.80	-56.86	-120.00
332.78	-56.85	-120.00
332.77	-56.84	-120.00
332.76	-56.83	-120.00
332.75	-56.82	-120.00
332.74	-56.81	-120.00
332.73	-56.80	-120.00
332.72	-56.79	-120.00
332.70	-56.78	-120.00
332.70	-56.78	-120.00
332.68	-56.76	-120.00
332.68	-56.76	-120.00
332.66	-56.74	-120.00
332.66	-56.74	-120.00
332.64	-56.72	-120.00
332.64	-56.72	-120.00
332.62	-56.71	-120.00
332.61	-56.70	-120.00
332.60	-56.69	-120.00
332.59	-56.68	-120.00
332.58	-56.67	-120.00
332.57	-56.66	-120.00
332.56	-56.65	-120.00
332.55	-56.64	-120.00
332.54	-56.63	-120.00
332.53	-56.62	-120.00
332.52	-56.61	-120.00
332.51	-56.60	-120.00
332.50	-56.59	-120.00
332.49	-56.58	-120.00
332.48	-56.57	-120.00
332.47	-56.56	-120.00
332.46	-56.55	-120.00
332.45	-56.54	-120.00
332.44	-56.53	-120.00
332.43	-56.52	-120.00
332.42	-56.51	-120.00
332.41	-56.50	-120.00
332.40	-56.49	-120.00
332.39	-56.48	-120.00
332.38	-56.47	-120.00
332.37	-56.46	-120.00
332.36	-56.45	-120.00
332.35	-56.44	-120.00
332.34	-56.44	-120.00
332.32	-56.42	-120.00
332.32	-56.42	-120.00
332.30	-56.40	-120.00
332.30	-56.40	-120.00
332.28	-56.38	-120.00
332.28	-56.38	-120.00
332.26	-56.36	-120.00
332.26	-56.36	-120.00
332.24	-56.34	-120.00
332.24	-56.34	-120.00
332.22	-56.32	-120.00
332.22	-56.32	-120.00
332.20	-56.30	-120.00
332.20	-56.30	-120.00
332.19	-56.28	-120.00
332.18	-56.27	-120.00
332.17	-56.26	-120.00
332.16	-56.25	-120.00
332.15	-56.24	-120.00
332.14	-56.22	-120.00
332.14	-56.22	-120.00
> -100 contour -Z-100
331.86	-59.98	-100.00
331.86	-59.98	-100.00
331.88	-59.96	-100.00
331.88	-59.95	-100.00
331.89	-59.94	-100.00
331.90	-59.93	-100.00
331.91	-59.92	-100.00
331.92	-59.91	-100.00
331.93	-59.90	-100.00
331.94	-59.89	-100.00
331.95	-59.88	-100.00
331.96	-59.87	-100.00
331.97	-59.86	-100.00
331.98	-59.85	-100.00
331.99	-59.84	-100.00
332.00	-59.83	-100.00
332.02	-59.82	-100.00
332.02	-59.82	-100.00
332.04	-59.80	-100.00
332.04	-59.80	-100.00
332.06	-59.79	-100.00
332.07	-59.78	-100.00
332.08	-59.77	-100.00
332.10	-59.76	-100.00
332.10	-59.76	-100.00
332.12	-59.75	-100.00
332.14	-59.74	-100.00
332.14	-59.74	-100.00
332.16	-59.73	-100.00
332.17	-59.72	-100.00
332.18	-59.72	-100.00
332.20	-59.70	-100.00
332.21	-59.70	-100.00
332.22	-59.69	-100.00
332.24	-59.68	-100.00
332.25	-59.68	-100.00
332.26	-59.68	-100.00
332.28	-59.67	-100.00
332.29	-59.66	-100.00
332.30	-59.66	-100.00
332.32	-59.65	-100.00
332.34	-59.64	-100.00
332.34	-59.64	-100.00
332.36	-59.63	-100.00
332.38	-59.62	-100.00
332.39	-59.62	-100.00
332.40	-59.61	-100.00
332.42	-59.60	-100.00
332.43	-59.60	-100.00
332.44	-59.60	-100.00
332.46	-59.59	-100.00
332.48	-59.58	-100.00
332.48	-59.58	-100.00
332.50	-59.57	-100.00
332.52	-59.56	-100.00
332.52	-59.56	-100.00
332.54	-59.55	-100.00
332.56	-59.54	-100.00
332.56	-59.54	-100.00
332.58	-59.53	-100.00
332.60	-59.52	-100.00
332.60	-59.52	-100.00
332.62	-59.51	-100.00
332.63	-59.50	-100.00
332.64	-59.50	-100.00
332.66	-59.49	-100.00
332.67	-59.48	-100.00
332.68	-59.48	-100.00
332.70	-59.46	-100.00
332.71	-59.46	-100.00
332.72	-59.45	-100.00
332.74	-59.44	-100.00
332.74	-59.44	-100.00
332.76	-59.43	-100.00
332.78	-59.42	-100.00
332.78	-59.42	-100.00
332.80	-59.41	-100.00
332.82	-59.40	-100.00
332.82	-59.40	-100.00
332.84	-59.39	-100.00
332.86	-59.38	-100.00
332.86	-59.38	-100.00
332.88	-59.37	-100.00
332.89	-59.36	-100.00
332.90	-59.36	-100.00
332.92	-59.35	-100.00
332.93	-59.34	-100.00
332.94	-59.34	-100.00
332.96	-59.33	-100.00
332.97	-59.32	-100.00
332.98	-59.32	-100.00
333.00	-59.31	-100.00
333.01	-59.30	-100.00
333.02	-59.30	-100.00
333.04	-59.29	-100.00
333.06	-59.28	-100.00
333.06	-59.28	-100.00
333.08	-59.27	-100.00
333.10	-59.26	-100.00
333.10	-59.26	-100.00
333.12	-59.25	-100.00
333.14	-59.24	-100.00
333.14	-59.24	-100.00
333.16	-59.23	-100.00
333.18	-59.22	-100.00
333.19	-59.22	-100.00
333.20	-59.22	-100.00
333.22	-59.21	-100.00
333.24	-59.20	-100.00
333.24	-59.20	-100.00
333.26	-59.19	-100.00
333.28	-59.18	-100.00
333.28	-59.18	-100.00
333.30	-59.17	-100.00
333.32	-59.16	-100.00
333.33	-59.16	-100.00
333.34	-59.16	-100.00
333.36	-59.15	-100.00
333.37	-59.14	-100.00
333.38	-59.14	-100.00
333.40	-59.13	-100.00
333.42	-59.12	-100.00
333.42	-59.12	-100.00
333.44	-59.11	-100.00
333.45	-59.10	-100.00
333.46	-59.10	-100.00
333.48	-59.08	-100.00
333.48	-59.08	-100.00
333.50	-59.07	-100.00
333.51	-59.06	-100.00
333.52	-59.05	-100.00
333.54	-59.04	-100.00
333.54	-59.04	-100.00
333.56	-59.02	-100.00
333.56	-59.02	-100.00
333.57	-59.00	-100.00
333.58	-58.99	-100.00
333.59	-58.98	-100.00
333.60	-58.96	-100.00
333.60	-58.96	-100.00
333.61	-58.94	-100.00
333.62	-58.92	-100.00
333.62	-58.92	-100.00
333.63	-58.90	-100.00
333.64	-58.88	-100.00
333.64	-58.87	-100.00
333.64	-58.86	-100.00
333.65	-58.84	-100.00
333.65	-58.82	-100.00
333.66	-58.80	-100.00
333.66	-58.78	-100.00
333.66	-58.78	-100.00
333.66	-58.76	-100.00
333.67	-58.74	-100.00
333.67	-58.72	-100.00
333.67	-58.70	-100.00
333.67	-58.68	-100.00
333.67	-58.66	-100.00
333.67	-58.64	-100.00
333.68	-58.62	-100.00
333.68	-58.60	-100.00
333.68	-58.58	-100.00
333.68	-58.56	-100.00
333.68	-58.54	-100.00
333.68	-58.52	-100.00
333.68	-58.50	-100.00
333.68	-58.48	-100.00
333.68	-58.46	-100.00
333.68	-58.44	-100.00
333.67	-58.42	-100.00
333.67	-58.40	-100.00
333.67	-58.38	-100.00
333.67	-58.36	-100.00
333.66	-58.34	-100.00
333.66	-58.33	-100.00
333.66	-58.32	-100.00
333.65	-58.30	-100.00
333.65	-58.28	-100.00
333.65	-58.26	-100.00
333.64	-58.24	-100.00
333.64	-58.24	-100.00
333.64	-58.22	-100.00
333.63	-58.20	-100.00
333.63	-58.18	-100.00
333.62	-58.16	-100.00
333.62	-58.16	-100.00
333.61	-58.14	-100.00
333.61	-58.12	-100.00
333.60	-58.10	-100.00
333.60	-58.08	-100.00
333.60	-58.08	-100.00
333.59	-58.06	-100.00
333.59	-58.04	-100.00
333.58	-58.02	-100.00
333.58	-58.00	-100.00
333.58	-58.00	-100.00
333.58	-57.98	-100.00
333.57	-57.96	-100.00
333.57	-57.94	-100.00
333.56	-57.92	-100.00
333.56	-57.91	-100.00
333.56	-57.90	-100.00
333.55	-57.88	-100.00
333.55	-57.86	-100.00
333.54	-57.84	-100.00
333.54	-57.83	-100.00
333.54	-57.82	-100.00
333.53	-57.80	-100.00
333.53	-57.78	-100.00
333.52	-57.76	-100.00
333.52	-57.76	-100.00
333.51	-57.74	-100.00
333.51	-57.72	-100.00
333.50	-57.70	-100.00
333.50	-57.69	-100.00
333.50	-57.68	-100.00
333.49	-57.66	-100.00
333.48	-57.64	-100.00
333.48	-57.63	-100.00
333.48	-57.62	-100.00
333.47	-57.60	-100.00
333.47	-57.58	-100.00
333.46	-57.56	-100.00
333.46	-57.56	-100.00
333.45	-57.54	-100.00
333.45	-57.52	-100.00
333.44	-57.50	-100.00
333.44	-57.50	-100.00
333.43	-57.48	-100.00
333.43	-57.46	-100.00
333.42	-57.44	-100.00
333.42	-57.43	-100.00
333.42	-57.42	-100.00
333.41	-57.40	-100.00
333.41	-57.38	-100.00
333.40	-57.36	-100.00
333.40	-57.35	-100.00
333.40	-57.34	-100.00
333.39	-57.32	-100.00
333.39	-57.30	-100.00
333.38	-57.28	-100.00
333.38	-57.27	-100.00
333.38	-57.26	-100.00
333.37	-57.24	-100.00
333.37	-57.22	-100.00
333.36	-57.20	-100.00
333.36	-57.20	-100.00
333.35	-57.18	-100.00
333.35	-57.16	-100.00
333.34	-57.14	-100.00
333.34	-57.14	-100.00
333.33	-57.12	-100.00
333.32	-57.10	-100.00
333.32	-57.10	-100.00
333.31	-57.08	-100.00
333.30	-57.06	-100.00
333.30	-57.06	-100.00
333.29	-57.04	-100.00
333.28	-57.03	-100.00
333.28	-57.02	-100.00
333.26	-57.00	-100.00
333.26	-57.00	-100.00
333.25	-56.98	-100.00
333.24	-56.97	-100.00
333.23	-56.96	-100.00
333.22	-56.94	-100.00
333.22	-56.94	-100.00
333.20	-56.92	-100.00
333.20	-56.92	-100.00
333.18	-56.90	-100.00
333.18	-56.90	-100.00
333.17	-56.88	-100.00
333.16	-56.87	-100.00
333.15	-56.86	-100.00
333.14	-56.85	-100.00
333.13	-56.84	-100.00
333.12	-56.83	-100.00
333.11	-56.82	-100.00
333.10	-56.80	-100.00
333.10	-56.80	-100.00
333.08	-56.78	-100.00
333.08	-56.78	-100.00
333.06	-56.76	-100.00
333.06	-56.76	-100.00
333.04	-56.74	-100.00
333.04	-56.74	-100.00
333.02	-56.72	-100.00
333.02	-56.72	-100.00
333.00	-56.70	-100.00
333.00	-56.70	-100.00
332.98	-56.68	-100.00
332.98	-56.68	-100.00
332.96	-56.66	-100.00
332.96	-56.66	-100.00
332.94	-56.65	-100.00
332.93	-56.64	-100.00
332.92	-56.63	-100.00
332.91	-56.62	-100.00
332.90	-56.61	-100.00
332.88	-56.60	-100.00
332.88	-56.60	-100.00
332.86	-56.58	-100.00
332.85	-56.58	-100.00
332.84	-56.57	-100.00
332.83	-56.56	-100.00
332.82	-56.56	-100.00
332.80	-56.54	-100.00
332.80	-56.54	-100.00
332.78	-56.53	-100.00
332.77	-56.52	-100.00
332.76	-56.52	-100.00
332.74	-56.50	-100.00
332.74	-56.50	-100.00
332.72	-56.49	-100.00
332.70	-56.48	-100.00
332.70	-56.48	-100.00
332.68	-56.47	-100.00
332.67	-56.46	-100.00
332.66	-56.45	-100.00
332.64	-56.44	-100.00
332.64	-56.44	-100.00
332.62	-56.43	-100.00
332.60	-56.42	-100.00
332.60	-56.42	-100.00
332.58	-56.41	-100.00
332.57	-56.40	-100.00
332.56	-56.39	-100.00
332.54	-56.38	-100.00
332.54	-56.38	-100.00
332.52	-56.37	-100.00
332.51	-56.36	-100.00
332.50	-56.35	-100.00
332.48	-56.34	-100.00
332.48	-56.34	-100.00
332.46	-56.33	-100.00
332.45	-56.32	-100.00
332.44	-56.31	-100.00
332.43	-56.30	-100.00
332.42	-56.29	-100.00
332.40	-56.28	-100.00
332.40	-56.28	-100.00
332.38	-56.26	-100.00
332.38	-56.26	-100.00
332.36	-56.24	-100.00
332.36	-56.24	-100.00
332.34	-56.22	-100.00
332.34	-56.22	-100.00
332.32	-56.20	-100.00
332.32	-56.20	-100.00
332.30	-56.18	-100.00
332.30	-56.18	-100.00
332.28	-56.16	-100.00
332.28	-56.16	-100.00
> -80 contour -Z-80
332.00	-60.02	-80.00
332.00	-60.02	-80.00
332.01	-60.00	-80.00
332.02	-59.99	-80.00
332.03	-59.98	-80.00
332.04	-59.97	-80.00
332.05	-59.96	-80.00
332.06	-59.95	-80.00
332.07	-59.94	-80.00
332.08	-59.94	-80.00
332.10	-59.92	-80.00
332.10	-59.92	-80.00
332.12	-59.90	-80.00
332.12	-59.90	-80.00
332.14	-59.89	-80.00
332.15	-59.88	-80.00
332.16	-59.87	-80.00
332.18	-59.86	-80.00
332.18	-59.86	-80.00
332.20	-59.84	-80.00
332.21	-59.84	-80.00
332.22	-59.83	-80.00
332.24	-59.82	-80.00
332.24	-59.82	-80.00
332.26	-59.81	-80.00
332.28	-59.80	-80.00
332.28	-59.80	-80.00
332.30	-59.79	-80.00
332.31	-59.78	-80.00
332.32	-59.78	-80.00
332.34	-59.77	-80.00
332.35	-59.76	-80.00
332.36	-59.76	-80.00
332.38	-59.75	-80.00
332.40	-59.74	-80.00
332.40	-59.74	-80.00
332.42	-59.73	-80.00
332.44	-59.72	-80.00
332.44	-59.72	-80.00
332.46	-59.71	-80.00
332.48	-59.70	-80.00
332.49	-59.70	-80.00
332.50	-59.69	-80.00
332.52	-59.68	-80.00
332.53	-59.68	-80.00
332.54	-59.68	-80.00
332.56	-59.67	-80.00
332.57	-59.66	-80.00
332.58	-59.66	-80.00
332.60	-59.65	-80.00
332.61	-59.64	-80.00
332.62	-59.64	-80.00
332.64	-59.63	-80.00
332.65	-59.62	-80.00
332.66	-59.62	-80.00
332.68	-59.61	-80.00
332.69	-59.60	-80.00
332.70	-59.60	-80.00
332.72	-59.59	-80.00
332.73	-59.58	-80.00
332.74	-59.58	-80.00
332.76	-59.56	-80.00
332.77	-59.56	-80.00
332.78	-59.55	-80.00
332.80	-59.54	-80.00
332.80	-59.54	-80.00
332.82	-59.53	-80.00
332.84	-59.52	-80.00
332.84	-59.52	-80.00
332.86	-59.51	-80.00
332.87	-59.50	-80.00
332.88	-59.49	-80.00
332.90	-59.48	-80.00
332.90	-59.48	-80.00
332.92	-59.47	-80.00
332.94	-59.46	-80.00
332.94	-59.46	-80.00
332.96	-59.45	-80.00
332.97	-59.44	-80.00
332.98	-59.44	-80.00
333.00	-59.43	-80.00
333.01	-59.42	-80.00
333.02	-59.42	-80.00
333.04	-59.41	-80.00
333.05	-59.40	-80.00
333.06	-59.40	-80.00
333.08	-59.39	-80.00
333.09	-59.38	-80.00
333.10	-59.38	-80.00
333.12	-59.37	-80.00
333.13	-59.36	-80.00
333.14	-59.36	-80.00
333.16	-59.35	-80.00
333.18	-59.34	-80.00
333.18	-59.34	-80.00
333.20	-59.33	-80.00
333.22	-59.32	-80.00
333.22	-59.32	-80.00
333.24	-59.31	-80.00
333.26	-59.30	-80.00
333.27	-59.30	-80.00
333.28	-59.30	-80.00
333.30	-59.29	-80.00
333.32	-59.28	-80.00
333.32	-59.28	-80.00
333.34	-59.27	-80.00
333.36	-59.26	-80.00
333.37	-59.26	-80.00
333.38	-59.26	-80.00
333.40	-59.25	-80.00
333.42	-59.24	-80.00
333.42	-59.24	-80.00
333.44	-59.23	-80.00
333.46	-59.22	-80.00
333.47	-59.22	-80.00
333.48	-59.21	-80.00
333.50	-59.20	-80.00
333.51	-59.20	-80.00
333.52	-59.20	-80.00
333.54	-59.18	-80.00
333.55	-59.18	-80.00
333.56	-59.17	-80.00
333.58	-59.16	-80.00
333.58	-59.16	-80.00
333.60	-59.15	-80.00
333.62	-59.14	-80.00
333.62	-59.14	-80.00
333.64	-59.12	-80.00
333.64	-59.12	-80.00
333.66	-59.11	-80.00
333.67	-59.10	-80.00
333.68	-59.09	-80.00
333.69	-59.08	-80.00
333.70	-59.07	-80.00
333.71	-59.06	-80.00
333.72	-59.05	-80.00
333.73	-59.04	-80.00
333.74	-59.02	-80.00
333.74	-59.02	-80.00
333.75	-59.00	-80.00
333.76	-58.99	-80.00
333.76	-58.98	-80.00
333.77	-58.96	-80.00
333.78	-58.95	-80.00
333.78	-58.94	-80.00
333.79	-58.92	-80.00
333.80	-58.90	-80.00
333.80	-58.90	-80.00
333.81	-58.88	-80.00
333.81	-58.86	-80.00
333.82	-58.84	-80.00
333.82	-58.83	-80.00
333.82	-58.82	-80.00
333.83	-58.80	-80.00
333.83	-58.78	-80.00
333.84	-58.76	-80.00
333.84	-58.75	-80.00
333.84	-58.74	-80.00
333.84	-58.72	-80.00
333.85	-58.70	-80.00
333.85	-58.68	-80.00
333.85	-58.66	-80.00
333.86	-58.64	-80.00
333.86	-58.62	-80.00
333.86	-58.60	-80.00
333.86	-58.60	-80.00
333.86	-58.58	-80.00
333.86	-58.56	-80.00
333.87	-58.54	-80.00
333.87	-58.52	-80.00
333.87	-58.50	-80.00
333.87	-58.48	-80.00
333.87	-58.46	-80.00
333.87	-58.44	-80.00
333.87	-58.42	-80.00
333.87	-58.40	-80.00
333.86	-58.38	-80.00
333.86	-58.36	-80.00
333.86	-58.35	-80.00
333.86	-58.34	-80.00
333.86	-58.32	-80.00
333.85	-58.30	-80.00
333.85	-58.28	-80.00
333.84	-58.26	-80.00
333.84	-58.24	-80.00
333.84	-58.24	-80.00
333.84	-58.22	-80.00
333.83	-58.20	-80.00
333.83	-58.18	-80.00
333.82	-58.16	-80.00
333.82	-58.15	-80.00
333.82	-58.14	-80.00
333.81	-58.12	-80.00
333.81	-58.10	-80.00
333.80	-58.08	-80.00
333.80	-58.07	-80.00
333.80	-58.06	-80.00
333.79	-58.04	-80.00
333.79	-58.02	-80.00
333.78	-58.00	-80.00
333.78	-57.98	-80.00
333.78	-57.98	-80.00
333.78	-57.96	-80.00
333.77	-57.94	-80.00
333.77	-57.92	-80.00
333.76	-57.90	-80.00
333.76	-57.88	-80.00
333.76	-57.88	-80.00
333.76	-57.86	-80.00
333.75	-57.84	-80.00
333.75	-57.82	-80.00
333.74	-57.80	-80.00
333.74	-57.79	-80.00
333.74	-57.78	-80.00
333.73	-57.76	-80.00
333.73	-57.74	-80.00
333.72	-57.72	-80.00
333.72	-57.70	-80.00
333.72	-57.70	-80.00
333.71	-57.68	-80.00
333.71	-57.66	-80.00
333.71	-57.64	-80.00
333.70	-57.62	-80.00
333.70	-57.62	-80.00
333.70	-57.60	-80.00
333.69	-57.58	-80.00
333.69	-57.56	-80.00
333.68	-57.54	-80.00
333.68	-57.54	-80.00
333.68	-57.52	-80.00
333.67	-57.50	-80.00
333.67	-57.48	-80.00
333.66	-57.46	-80.00
333.66	-57.45	-80.00
333.66	-57.44	-80.00
333.65	-57.42	-80.00
333.65	-57.40	-80.00
333.65	-57.38	-80.00
333.64	-57.36	-80.00
333.64	-57.34	-80.00
333.64	-57.34	-80.00
333.64	-57.32	-80.00
333.63	-57.30	-80.00
333.63	-57.28	-80.00
333.63	-57.26	-80.00
333.62	-57.24	-80.00
333.62	-57.23	-80.00
333.62	-57.22	-80.00
333.61	-57.20	-80.00
333.61	-57.18	-80.00
333.60	-57.16	-80.00
333.60	-57.14	-80.00
333.60	-57.14	-80.00
333.59	-57.12	-80.00
333.59	-57.10	-80.00
333.58	-57.08	-80.00
333.58	-57.08	-80.00
333.57	-57.06	-80.00
333.56	-57.04	-80.00
333.56	-57.04	-80.00
333.55	-57.02	-80.00
333.54	-57.00	-80.00
333.54	-57.00	-80.00
333.53	-56.98	-80.00
333.52	-56.97	-80.00
333.51	-56.96	-80.00
333.50	-56.94	-80.00
333.50	-56.94	-80.00
333.48	-56.92	-80.00
333.48	-56.92	-80.00
333.47	-56.90	-80.00
333.46	-56.89	-80.00
333.45	-56.88	-80.00
333.44	-56.87	-80.00
333.43	-56.86	-80.00
333.42	-56.85	-80.00
333.41	-56.84	-80.00
333.40	-56.83	-80.00
333.39	-56.82	-80.00
333.38	-56.81	-80.00
333.37	-56.80	-80.00
333.36	-56.79	-80.00
333.35	-56.78	-80.00
333.34	-56.77	-80.00
333.34	-56.76	-80.00
333.32	-56.74	-80.00
333.32	-56.74	-80.00
333.30	-56.72	-80.00
333.30	-56.72	-80.00
333.28	-56.70	-80.00
333.28	-56.70	-80.00
333.26	-56.68	-80.00
333.26	-56.68	-80.00
333.24	-56.66	-80.00
333.24	-56.66	-80.00
333.22	-56.64	-80.00
333.22	-56.64	-80.00
333.20	-56.62	-80.00
333.20	-56.62	-80.00
333.18	-56.60	-80.00
333.18	-56.60	-80.00
333.16	-56.58	-80.00
333.16	-56.58	-80.00
333.14	-56.56	-80.00
333.14	-56.56	-80.00
333.12	-56.54	-80.00
333.12	-56.54	-80.00
333.10	-56.52	-80.00
333.10	-56.52	-80.00
333.08	-56.50	-80.00
333.08	-56.50	-80.00
333.06	-56.49	-80.00
333.05	-56.48	-80.00
333.04	-56.47	-80.00
333.03	-56.46	-80.00
333.02	-56.46	-80.00
333.00	-56.44	-80.00
333.00	-56.44	-80.00
332.98	-56.43	-80.00
332.96	-56.42	-80.00
332.96	-56.42	-80.00
332.94	-56.41	-80.00
332.93	-56.40	-80.00
332.92	-56.40	-80.00
332.90	-56.39	-80.00
332.89	-56.38	-80.00
332.88	-56.38	-80.00
332.86	-56.37	-80.00
332.84	-56.36	-80.00
332.84	-56.36	-80.00
332.82	-56.35	-80.00
332.80	-56.34	-80.00
332.80	-56.34	-80.00
332.78	-56.33	-80.00
332.76	-56.32	-80.00
332.76	-56.32	-80.00
332.74	-56.31	-80.00
332.72	-56.30	-80.00
332.72	-56.30	-80.00
332.70	-56.29	-80.00
332.68	-56.28	-80.00
332.68	-56.28	-80.00
332.66	-56.27	-80.00
332.64	-56.26	-80.00
332.64	-56.26	-80.00
332.62	-56.25	-80.00
332.61	-56.24	-80.00
332.60	-56.24	-80.00
332.58	-56.22	-80.00
332.57	-56.22	-80.00
332.56	-56.21	-80.00
332.54	-56.20	-80.00
332.54	-56.20	-80.00
332.52	-56.18	-80.00
332.51	-56.18	-80.00
332.50	-56.17	-80.00
332.49	-56.16	-80.00
332.48	-56.15	-80.00
332.47	-56.14	-80.00
332.46	-56.14	-80.00
332.44	-56.12	-80.00
332.44	-56.12	-80.00
332.42	-56.10	-80.00
332.42	-56.10	-80.00
332.41	-56.08	-80.00
> -60 contour -Z-60
332.14	-60.08	-60.00
332.16	-60.06	-60.00
332.16	-60.06	-60.00
332.18	-60.04	-60.00
332.18	-60.04	-60.00
332.20	-60.02	-60.00
332.20	-60.02	-60.00
332.22	-60.00	-60.00
332.22	-60.00	-60.00
332.24	-59.99	-60.00
332.25	-59.98	-60.00
332.26	-59.97	-60.00
332.27	-59.96	-60.00
332.28	-59.95	-60.00
332.30	-59.94	-60.00
332.30	-59.94	-60.00
332.32	-59.93	-60.00
332.33	-59.92	-60.00
332.34	-59.91	-60.00
332.36	-59.90	-60.00
332.36	-59.90	-60.00
332.38	-59.89	-60.00
332.40	-59.88	-60.00
332.40	-59.88	-60.00
332.42	-59.87	-60.00
332.44	-59.86	-60.00
332.44	-59.86	-60.00
332.46	-59.85	-60.00
332.48	-59.84	-60.00
332.48	-59.84	-60.00
332.50	-59.83	-60.00
332.52	-59.82	-60.00
332.52	-59.82	-60.00
332.54	-59.81	-60.00
332.56	-59.80	-60.00
332.56	-59.80	-60.00
332.58	-59.79	-60.00
332.60	-59.78	-60.00
332.61	-59.78	-60.00
332.62	-59.77	-60.00
332.64	-59.77	-60.00
332.65	-59.76	-60.00
332.66	-59.76	-60.00
332.68	-59.75	-60.00
332.70	-59.74	-60.00
332.70	-59.74	-60.00
332.72	-59.73	-60.00
332.74	-59.72	-60.00
332.74	-59.72	-60.00
332.76	-59.71	-60.00
332.78	-59.70	-60.00
332.78	-59.70	-60.00
332.80	-59.69	-60.00
332.82	-59.68	-60.00
332.82	-59.68	-60.00
332.84	-59.67	-60.00
332.86	-59.66	-60.00
332.86	-59.66	-60.00
332.88	-59.65	-60.00
332.89	-59.64	-60.00
332.90	-59.64	-60.00
332.92	-59.63	-60.00
332.93	-59.62	-60.00
332.94	-59.61	-60.00
332.96	-59.60	-60.00
332.96	-59.60	-60.00
332.98	-59.59	-60.00
333.00	-59.58	-60.00
333.00	-59.58	-60.00
333.02	-59.57	-60.00
333.03	-59.56	-60.00
333.04	-59.56	-60.00
333.06	-59.54	-60.00
333.06	-59.54	-60.00
333.08	-59.53	-60.00
333.10	-59.52	-60.00
333.10	-59.52	-60.00
333.12	-59.51	-60.00
333.13	-59.50	-60.00
333.14	-59.49	-60.00
333.16	-59.48	-60.00
333.16	-59.48	-60.00
333.18	-59.47	-60.00
333.20	-59.46	-60.00
333.20	-59.46	-60.00
333.22	-59.45	-60.00
333.23	-59.44	-60.00
333.24	-59.44	-60.00
333.26	-59.43	-60.00
333.27	-59.42	-60.00
333.28	-59.42	-60.00
333.30	-59.41	-60.00
333.32	-59.40	-60.00
333.32	-59.40	-60.00
333.34	-59.39	-60.00
333.36	-59.38	-60.00
333.36	-59.38	-60.00
333.38	-59.37	-60.00
333.40	-59.36	-60.00
333.41	-59.36	-60.00
333.42	-59.36	-60.00
333.44	-59.35	-60.00
333.46	-59.34	-60.00
333.46	-59.34	-60.00
333.48	-59.33	-60.00
333.50	-59.32	-60.00
333.51	-59.32	-60.00
333.52	-59.32	-60.00
333.54	-59.31	-60.00
333.56	-59.30	-60.00
333.56	-59.30	-60.00
333.58	-59.29	-60.00
333.60	-59.28	-60.00
333.61	-59.28	-60.00
333.62	-59.27	-60.00
333.64	-59.26	-60.00
333.65	-59.26	-60.00
333.66	-59.25	-60.00
333.68	-59.24	-60.00
333.69	-59.24	-60.00
333.70	-59.23	-60.00
333.72	-59.22	-60.00
333.72	-59.22	-60.00
333.74	-59.21	-60.00
333.75	-59.20	-60.00
333.76	-59.20	-60.00
333.78	-59.18	-60.00
333.78	-59.18	-60.00
333.80	-59.17	-60.00
333.81	-59.16	-60.00
333.82	-59.15	-60.00
333.83	-59.14	-60.00
333.84	-59.13	-60.00
333.85	-59.12	-60.00
333.86	-59.11	-60.00
333.87	-59.10	-60.00
333.88	-59.09	-60.00
333.89	-59.08	-60.00
333.90	-59.06	-60.00
333.90	-59.06	-60.00
333.92	-59.04	-60.00
333.92	-59.04	-60.00
333.93	-59.02	-60.00
333.94	-59.00	-60.00
333.94	-59.00	-60.00
333.95	-58.98	-60.00
333.96	-58.96	-60.00
333.96	-58.96	-60.00
333.97	-58.94	-60.00
333.98	-58.92	-60.00
333.98	-58.92	-60.00
333.99	-58.90	-60.00
334.00	-58.88	-60.00
334.00	-58.87	-60.00
334.00	-58.86	-60.00
334.01	-58.84	-60.00
334.02	-58.82	-60.00
334.02	-58.82	-60.00
334.03	-58.80	-60.00
334.03	-58.78	-60.00
334.04	-58.76	-60.00
334.04	-58.76	-60.00
334.04	-58.74	-60.00
334.05	-58.72	-60.00
334.06	-58.70	-60.00
334.06	-58.68	-60.00
334.06	-58.68	-60.00
334.07	-58.66	-60.00
334.07	-58.64	-60.00
334.07	-58.62	-60.00
334.08	-58.60	-60.00
334.08	-58.58	-60.00
334.08	-58.58	-60.00
334.08	-58.56	-60.00
334.09	-58.54	-60.00
334.09	-58.52	-60.00
334.09	-58.50	-60.00
334.09	-58.48	-60.00
334.09	-58.46	-60.00
334.09	-58.44	-60.00
334.09	-58.42	-60.00
334.09	-58.40	-60.00
334.09	-58.38	-60.00
334.09	-58.36	-60.00
334.09	-58.34	-60.00
334.09	-58.32	-60.00
334.08	-58.30	-60.00
334.08	-58.28	-60.00
334.08	-58.27	-60.00
334.08	-58.26	-60.00
334.08	-58.24	-60.00
334.07	-58.22	-60.00
334.07	-58.20	-60.00
334.06	-58.18	-60.00
334.06	-58.16	-60.00
334.06	-58.16	-60.00
334.06	-58.14	-60.00
334.05	-58.12	-60.00
334.05	-58.10	-60.00
334.04	-58.08	-60.00
334.04	-58.07	-60.00
334.04	-58.06	-60.00
334.03	-58.04	-60.00
334.03	-58.02	-60.00
334.03	-58.00	-60.00
334.02	-57.98	-60.00
334.02	-57.96	-60.00
334.02	-57.96	-60.00
334.02	-57.94	-60.00
334.01	-57.92	-60.00
334.01	-57.90	-60.00
334.01	-57.88	-60.00
334.00	-57.86	-60.00
334.00	-57.85	-60.00
334.00	-57.84	-60.00
334.00	-57.82	-60.00
333.99	-57.80	-60.00
333.99	-57.78	-60.00
333.98	-57.76	-60.00
333.98	-57.74	-60.00
333.98	-57.74	-60.00
333.97	-57.72	-60.00
333.97	-57.70	-60.00
333.97	-57.68	-60.00
333.96	-57.66	-60.00
333.96	-57.65	-60.00
333.96	-57.64	-60.00
333.95	-57.62	-60.00
333.95	-57.60	-60.00
333.94	-57.58	-60.00
333.94	-57.56	-60.00
333.94	-57.56	-60.00
333.94	-57.54	-60.00
333.93	-57.52	-60.00
333.93	-57.50	-60.00
333.92	-57.48	-60.00
333.92	-57.47	-60.00
333.92	-57.46	-60.00
333.91	-57.44	-60.00
333.91	-57.42	-60.00
333.91	-57.40	-60.00
333.90	-57.38	-60.00
333.90	-57.37	-60.00
333.90	-57.36	-60.00
333.89	-57.34	-60.00
333.89	-57.32	-60.00
333.89	-57.30	-60.00
333.88	-57.28	-60.00
333.88	-57.26	-60.00
333.88	-57.26	-60.00
333.88	-57.24	-60.00
333.87	-57.22	-60.00
333.87	-57.20	-60.00
333.86	-57.18	-60.00
333.86	-57.16	-60.00
333.86	-57.16	-60.00
333.85	-57.14	-60.00
333.85	-57.12	-60.00
333.84	-57.10	-60.00
333.84	-57.09	-60.00
333.84	-57.08	-60.00
333.83	-57.06	-60.00
333.82	-57.04	-60.00
333.82	-57.04	-60.00
333.81	-57.02	-60.00
333.80	-57.00	-60.00
333.80	-56.99	-60.00
333.80	-56.98	-60.00
333.78	-56.96	-60.00
333.78	-56.95	-60.00
333.77	-56.94	-60.00
333.76	-56.92	-60.00
333.76	-56.92	-60.00
333.75	-56.90	-60.00
333.74	-56.89	-60.00
333.73	-56.88	-60.00
333.72	-56.86	-60.00
333.72	-56.86	-60.00
333.70	-56.84	-60.00
333.70	-56.84	-60.00
333.68	-56.82	-60.00
333.68	-56.82	-60.00
333.66	-56.80	-60.00
333.66	-56.80	-60.00
333.65	-56.78	-60.00
333.64	-56.77	-60.00
333.63	-56.76	-60.00
333.62	-56.75	-60.00
333.61	-56.74	-60.00
333.60	-56.74	-60.00
333.58	-56.72	-60.00
333.58	-56.72	-60.00
333.56	-56.70	-60.00
333.56	-56.70	-60.00
333.54	-56.68	-60.00
333.54	-56.68	-60.00
333.52	-56.66	-60.00
333.52	-56.66	-60.00
333.50	-56.64	-60.00
333.50	-56.64	-60.00
333.48	-56.63	-60.00
333.47	-56.62	-60.00
333.46	-56.61	-60.00
333.45	-56.60	-60.00
333.44	-56.59	-60.00
333.43	-56.58	-60.00
333.42	-56.57	-60.00
333.41	-56.56	-60.00
333.40	-56.55	-60.00
333.39	-56.54	-60.00
333.38	-56.53	-60.00
333.37	-56.52	-60.00
333.36	-56.51	-60.00
333.35	-56.50	-60.00
333.34	-56.49	-60.00
333.33	-56.48	-60.00
333.32	-56.47	-60.00
333.31	-56.46	-60.00
333.30	-56.45	-60.00
333.29	-56.44	-60.00
333.28	-56.43	-60.00
333.26	-56.42	-60.00
333.26	-56.42	-60.00
333.24	-56.40	-60.00
333.24	-56.40	-60.00
333.22	-56.39	-60.00
333.21	-56.38	-60.00
333.20	-56.37	-60.00
333.18	-56.36	-60.00
333.18	-56.36	-60.00
333.16	-56.35	-60.00
333.15	-56.34	-60.00
333.14	-56.33	-60.00
333.12	-56.32	-60.00
333.12	-56.32	-60.00
333.10	-56.31	-60.00
333.08	-56.30	-60.00
333.08	-56.30	-60.00
333.06	-56.29	-60.00
333.04	-56.28	-60.00
333.04	-56.28	-60.00
333.02	-56.27	-60.00
333.00	-56.26	-60.00
333.00	-56.26	-60.00
332.98	-56.25	-60.00
332.96	-56.24	-60.00
332.95	-56.24	-60.00
332.94	-56.23	-60.00
332.92	-56.23	-60.00
332.91	-56.22	-60.00
332.90	-56.22	-60.00
332.88	-56.21	-60.00
332.86	-56.20	-60.00
332.86	-56.20	-60.00
332.84	-56.19	-60.00
332.82	-56.18	-60.00
332.82	-56.18	-60.00
332.80	-56.17	-60.00
332.78	-56.16	-60.00
332.78	-56.16	-60.00
332.76	-56.15	-60.00
332.74	-56.14	-60.00
332.74	-56.14	-60.00
332.72	-56.13	-60.00
332.71	-56.12	-60.00
332.70	-56.12	-60.00
332.68	-56.10	-60.00
332.68	-56.10	-60.00
332.66	-56.09	-60.00
332.65	-56.08	-60.00
332.64	-56.07	-60.00
332.62	-56.06	-60.00
332.62	-56.06	-60.00
332.60	-56.04	-60.00
332.60	-56.04	-60.00
332.58	-56.02	-60.00
332.58	-56.02	-60.00
332.56	-56.00	-60.00
332.56	-56.00	-60.00
> -40 contour -Z-40
332.33	-60.14	-40.00
332.34	-60.13	-40.00
332.35	-60.12	-40.00
332.36	-60.11	-40.00
332.37	-60.10	-40.00
332.38	-60.09	-40.00
332.39	-60.08	-40.00
332.40	-60.07	-40.00
332.41	-60.06	-40.00
332.42	-60.05	-40.00
332.44	-60.04	-40.00
332.44	-60.04	-40.00
332.46	-60.02	-40.00
332.47	-60.02	-40.00
332.48	-60.01	-40.00
332.50	-60.00	-40.00
332.50	-60.00	-40.00
332.52	-59.99	-40.00
332.53	-59.98	-40.00
332.54	-59.97	-40.00
332.56	-59.96	-40.00
332.57	-59.96	-40.00
332.58	-59.95	-40.00
332.60	-59.95	-40.00
332.61	-59.94	-40.00
332.62	-59.94	-40.00
332.64	-59.93	-40.00
332.66	-59.92	-40.00
332.66	-59.92	-40.00
332.68	-59.91	-40.00
332.70	-59.90	-40.00
332.71	-59.90	-40.00
332.72	-59.89	-40.00
332.74	-59.89	-40.00
332.76	-59.88	-40.00
332.76	-59.88	-40.00
332.78	-59.87	-40.00
332.80	-59.86	-40.00
332.81	-59.86	-40.00
332.82	-59.85	-40.00
332.84	-59.85	-40.00
332.85	-59.84	-40.00
332.86	-59.84	-40.00
332.88	-59.83	-40.00
332.90	-59.82	-40.00
332.90	-59.82	-40.00
332.92	-59.81	-40.00
332.94	-59.80	-40.00
332.94	-59.80	-40.00
332.96	-59.79	-40.00
332.98	-59.78	-40.00
332.98	-59.78	-40.00
333.00	-59.77	-40.00
333.02	-59.76	-40.00
333.02	-59.76	-40.00
333.04	-59.75	-40.00
333.06	-59.74	-40.00
333.06	-59.74	-40.00
333.08	-59.73	-40.00
333.10	-59.72	-40.00
333.10	-59.72	-40.00
333.12	-59.71	-40.00
333.13	-59.70	-40.00
333.14	-59.69	-40.00
333.16	-59.68	-40.00
333.16	-59.68	-40.00
333.18	-59.67	-40.00
333.19	-59.66	-40.00
333.20	-59.65	-40.00
333.22	-59.64	-40.00
333.22	-59.64	-40.00
333.24	-59.63	-40.00
333.25	-59.62	-40.00
333.26	-59.61	-40.00
333.28	-59.60	-40.00
333.28	-59.60	-40.00
333.30	-59.58	-40.00
333.31	-59.58	-40.00
333.32	-59.57	-40.00
333.33	-59.56	-40.00
333.34	-59.56	-40.00
333.36	-59.54	-40.00
333.37	-59.54	-40.00
333.38	-59.53	-40.00
333.40	-59.52	-40.00
333.40	-59.52	-40.00
333.42	-59.51	-40.00
333.43	-59.50	-40.00
333.44	-59.50	-40.00
333.46	-59.48	-40.00
333.47	-59.48	-40.00
333.48	-59.47	-40.00
333.50	-59.47	-40.00
333.51	-59.46	-40.00
333.52	-59.46	-40.00
333.54	-59.45	-40.00
333.56	-59.44	-40.00
333.56	-59.44	-40.00
333.58	-59.43	-40.00
333.60	-59.42	-40.00
333.61	-59.42	-40.00
333.62	-59.42	-40.00
333.64	-59.41	-40.00
333.66	-59.40	-40.00
333.66	-59.40	-40.00
333.68	-59.39	-40.00
333.70	-59.38	-40.00
333.71	-59.38	-40.00
333.72	-59.38	-40.00
333.74	-59.37	-40.00
333.76	-59.36	-40.00
333.76	-59.36	-40.00
333.78	-59.35	-40.00
333.80	-59.34	-40.00
333.80	-59.34	-40.00
333.82	-59.33	-40.00
333.84	-59.32	-40.00
333.84	-59.32	-40.00
333.86	-59.31	-40.00
333.88	-59.30	-40.00
333.88	-59.30	-40.00
333.90	-59.29	-40.00
333.91	-59.28	-40.00
333.92	-59.28	-40.00
333.94	-59.26	-40.00
333.94	-59.26	-40.00
333.96	-59.25	-40.00
333.97	-59.24	-40.00
333.98	-59.24	-40.00
334.00	-59.22	-40.00
334.00	-59.22	-40.00
334.02	-59.21	-40.00
334.03	-59.20	-40.00
334.04	-59.19	-40.00
334.05	-59.18	-40.00
334.06	-59.17	-40.00
334.07	-59.16	-40.00
334.08	-59.15	-40.00
334.09	-59.14	-40.00
334.10	-59.13	-40.00
334.11	-59.12	-40.00
334.12	-59.11	-40.00
334.13	-59.10	-40.00
334.14	-59.09	-40.00
334.14	-59.08	-40.00
334.16	-59.06	-40.00
334.16	-59.06	-40.00
334.17	-59.04	-40.00
334.18	-59.03	-40.00
334.18	-59.02	-40.00
334.19	-59.00	-40.00
334.20	-58.99	-40.00
334.20	-58.98	-40.00
334.21	-58.96	-40.00
334.22	-58.95	-40.00
334.22	-58.94	-40.00
334.23	-58.92	-40.00
334.24	-58.90	-40.00
334.24	-58.90	-40.00
334.25	-58.88	-40.00
334.26	-58.86	-40.00
334.26	-58.86	-40.00
334.27	-58.84	-40.00
334.27	-58.82	-40.00
334.28	-58.81	-40.00
334.28	-58.80	-40.00
334.29	-58.78	-40.00
334.30	-58.76	-40.00
334.30	-58.75	-40.00
334.30	-58.74	-40.00
334.31	-58.72	-40.00
334.32	-58.70	-40.00
334.32	-58.70	-40.00
334.33	-58.68	-40.00
334.33	-58.66	-40.00
334.34	-58.64	-40.00
334.34	-58.63	-40.00
334.34	-58.62	-40.00
334.35	-58.60	-40.00
334.35	-58.58	-40.00
334.36	-58.56	-40.00
334.36	-58.55	-40.00
334.36	-58.54	-40.00
334.37	-58.52	-40.00
334.37	-58.50	-40.00
334.37	-58.48	-40.00
334.38	-58.46	-40.00
334.38	-58.44	-40.00
334.38	-58.42	-40.00
334.38	-58.41	-40.00
334.38	-58.40	-40.00
334.38	-58.38	-40.00
334.38	-58.36	-40.00
334.38	-58.34	-40.00
334.38	-58.32	-40.00
334.38	-58.30	-40.00
334.38	-58.30	-40.00
334.38	-58.28	-40.00
334.38	-58.26	-40.00
334.38	-58.24	-40.00
334.37	-58.22	-40.00
334.37	-58.20	-40.00
334.37	-58.18	-40.00
334.37	-58.16	-40.00
334.37	-58.14	-40.00
334.36	-58.12	-40.00
334.36	-58.10	-40.00
334.36	-58.09	-40.00
334.36	-58.08	-40.00
334.36	-58.06	-40.00
334.35	-58.04	-40.00
334.35	-58.02	-40.00
334.35	-58.00	-40.00
334.35	-57.98	-40.00
334.35	-57.96	-40.00
334.34	-57.94	-40.00
334.34	-57.92	-40.00
334.34	-57.90	-40.00
334.34	-57.90	-40.00
334.34	-57.88	-40.00
334.34	-57.86	-40.00
334.33	-57.84	-40.00
334.33	-57.82	-40.00
334.33	-57.80	-40.00
334.32	-57.78	-40.00
334.32	-57.76	-40.00
334.32	-57.75	-40.00
334.32	-57.74	-40.00
334.32	-57.72	-40.00
334.31	-57.70	-40.00
334.31	-57.68	-40.00
334.31	-57.66	-40.00
334.30	-57.64	-40.00
334.30	-57.63	-40.00
334.30	-57.62	-40.00
334.29	-57.60	-40.00
334.29	-57.58	-40.00
334.28	-57.56	-40.00
334.28	-57.54	-40.00
334.28	-57.54	-40.00
334.28	-57.52	-40.00
334.27	-57.50	-40.00
334.27	-57.48	-40.00
334.26	-57.46	-40.00
334.26	-57.46	-40.00
334.26	-57.44	-40.00
334.25	-57.42	-40.00
334.25	-57.40	-40.00
334.24	-57.38	-40.00
334.24	-57.38	-40.00
334.23	-57.36	-40.00
334.23	-57.34	-40.00
334.22	-57.32	-40.00
334.22	-57.31	-40.00
334.22	-57.30	-40.00
334.21	-57.28	-40.00
334.21	-57.26	-40.00
334.20	-57.24	-40.00
334.20	-57.23	-40.00
334.20	-57.22	-40.00
334.19	-57.20	-40.00
334.18	-57.18	-40.00
334.18	-57.17	-40.00
334.18	-57.16	-40.00
334.17	-57.14	-40.00
334.17	-57.12	-40.00
334.16	-57.10	-40.00
334.16	-57.10	-40.00
334.15	-57.08	-40.00
334.14	-57.06	-40.00
334.14	-57.05	-40.00
334.14	-57.04	-40.00
334.13	-57.02	-40.00
334.12	-57.00	-40.00
334.12	-57.00	-40.00
334.11	-56.98	-40.00
334.10	-56.96	-40.00
334.10	-56.96	-40.00
334.09	-56.94	-40.00
334.08	-56.92	-40.00
334.08	-56.92	-40.00
334.07	-56.90	-40.00
334.06	-56.89	-40.00
334.05	-56.88	-40.00
334.04	-56.86	-40.00
334.04	-56.86	-40.00
334.02	-56.84	-40.00
334.02	-56.84	-40.00
334.01	-56.82	-40.00
334.00	-56.81	-40.00
333.99	-56.80	-40.00
333.98	-56.79	-40.00
333.97	-56.78	-40.00
333.96	-56.77	-40.00
333.95	-56.76	-40.00
333.94	-56.74	-40.00
333.94	-56.74	-40.00
333.92	-56.72	-40.00
333.92	-56.72	-40.00
333.90	-56.70	-40.00
333.90	-56.70	-40.00
333.88	-56.68	-40.00
333.88	-56.68	-40.00
333.86	-56.66	-40.00
333.86	-56.66	-40.00
333.84	-56.64	-40.00
333.84	-56.64	-40.00
333.82	-56.62	-40.00
333.82	-56.62	-40.00
333.80	-56.60	-40.00
333.80	-56.60	-40.00
333.78	-56.58	-40.00
333.78	-56.58	-40.00
333.76	-56.56	-40.00
333.76	-56.56	-40.00
333.74	-56.55	-40.00
333.73	-56.54	-40.00
333.72	-56.53	-40.00
333.71	-56.52	-40.00
333.70	-56.51	-40.00
333.69	-56.50	-40.00
333.68	-56.49	-40.00
333.67	-56.48	-40.00
333.66	-56.47	-40.00
333.65	-56.46	-40.00
333.64	-56.45	-40.00
333.63	-56.44	-40.00
333.62	-56.43	-40.00
333.61	-56.42	-40.00
333.60	-56.41	-40.00
333.58	-56.40	-40.00
333.58	-56.40	-40.00
333.56	-56.38	-40.00
333.56	-56.38	-40.00
333.54	-56.36	-40.00
333.53	-56.36	-40.00
333.52	-56.35	-40.00
333.51	-56.34	-40.00
333.50	-56.33	-40.00
333.48	-56.32	-40.00
333.48	-56.32	-40.00
333.46	-56.31	-40.00
333.45	-56.30	-40.00
333.44	-56.29	-40.00
333.42	-56.28	-40.00
333.42	-56.28	-40.00
333.40	-56.27	-40.00
333.39	-56.26	-40.00
333.38	-56.25	-40.00
333.36	-56.24	-40.00
333.36	-56.24	-40.00
333.34	-56.23	-40.00
333.32	-56.22	-40.00
333.32	-56.22	-40.00
333.30	-56.21	-40.00
333.28	-56.20	-40.00
333.28	-56.20	-40.00
333.26	-56.19	-40.00
333.24	-56.18	-40.00
333.24	-56.18	-40.00
333.22	-56.17	-40.00
333.20	-56.16	-40.00
333.19	-56.16	-40.00
333.18	-56.15	-40.00
333.16	-56.15	-40.00
333.14	-56.14	-40.00
333.14	-56.14	-40.00
333.12	-56.13	-40.00
333.10	-56.12	-40.00
333.10	-56.12	-40.00
333.08	-56.11	-40.00
333.06	-56.10	-40.00
333.05	-56.10	-40.00
333.04	-56.10	-40.00
333.02	-56.09	-40.00
333.01	-56.08	-40.00
333.00	-56.08	-40.00
332.98	-56.07	-40.00
332.97	-56.06	-40.00
332.96	-56.06	-40.00
332.94	-56.05	-40.00
332.93	-56.04	-40.00
332.92	-56.03	-40.00
332.90	-56.02	-40.00
332.90	-56.02	-40.00
332.88	-56.01	-40.00
332.87	-56.00	-40.00
332.86	-55.99	-40.00
332.84	-55.98	-40.00
332.84	-55.98	-40.00
332.82	-55.96	-40.00
332.82	-55.96	-40.00
332.80	-55.94	-40.00
332.80	-55.94	-40.00
332.78	-55.92	-40.00
332.78	-55.92	-40.00
332.76	-55.90	-40.00
332.76	-55.90	-40.00
> -20 contour -Z-20
332.58	-60.24	-20.00
332.58	-60.24	-20.00
332.60	-60.22	-20.00
332.60	-60.22	-20.00
332.62	-60.21	-20.00
332.63	-60.20	-20.00
332.64	-60.19	-20.00
332.66	-60.18	-20.00
332.66	-60.18	-20.00
332.68	-60.17	-20.00
332.70	-60.16	-20.00
332.70	-60.16	-20.00
332.72	-60.15	-20.00
332.74	-60.14	-20.00
332.74	-60.14	-20.00
332.76	-60.13	-20.00
332.78	-60.12	-20.00
332.78	-60.12	-20.00
332.80	-60.11	-20.00
332.82	-60.11	-20.00
332.84	-60.10	-20.00
332.84	-60.10	-20.00
332.86	-60.09	-20.00
332.88	-60.08	-20.00
332.89	-60.08	-20.00
332.90	-60.08	-20.00
332.92	-60.07	-20.00
332.94	-60.06	-20.00
332.95	-60.06	-20.00
332.96	-60.05	-20.00
332.98	-60.05	-20.00
333.00	-60.04	-20.00
333.00	-60.04	-20.00
333.02	-60.03	-20.00
333.04	-60.02	-20.00
333.05	-60.02	-20.00
333.06	-60.02	-20.00
333.08	-60.01	-20.00
333.10	-60.00	-20.00
333.11	-60.00	-20.00
333.12	-60.00	-20.00
333.14	-59.99	-20.00
333.16	-59.98	-20.00
333.17	-59.98	-20.00
333.18	-59.98	-20.00
333.20	-59.97	-20.00
333.22	-59.96	-20.00
333.23	-59.96	-20.00
333.24	-59.96	-20.00
333.26	-59.95	-20.00
333.28	-59.94	-20.00
333.28	-59.94	-20.00
333.30	-59.93	-20.00
333.32	-59.92	-20.00
333.33	-59.92	-20.00
333.34	-59.92	-20.00
333.36	-59.91	-20.00
333.37	-59.90	-20.00
333.38	-59.89	-20.00
333.40	-59.88	-20.00
333.40	-59.88	-20.00
333.42	-59.87	-20.00
333.43	-59.86	-20.00
333.44	-59.86	-20.00
333.46	-59.84	-20.00
333.46	-59.84	-20.00
333.48	-59.82	-20.00
333.49	-59.82	-20.00
333.50	-59.81	-20.00
333.51	-59.80	-20.00
333.52	-59.79	-20.00
333.53	-59.78	-20.00
333.54	-59.77	-20.00
333.56	-59.76	-20.00
333.56	-59.76	-20.00
333.58	-59.74	-20.00
333.58	-59.74	-20.00
333.60	-59.72	-20.00
333.61	-59.72	-20.00
333.62	-59.71	-20.00
333.63	-59.70	-20.00
333.64	-59.70	-20.00
333.66	-59.68	-20.00
333.67	-59.68	-20.00
333.68	-59.67	-20.00
333.70	-59.66	-20.00
333.70	-59.66	-20.00
333.72	-59.65	-20.00
333.74	-59.64	-20.00
333.74	-59.64	-20.00
333.76	-59.63	-20.00
333.78	-59.62	-20.00
333.78	-59.62	-20.00
333.80	-59.61	-20.00
333.82	-59.60	-20.00
333.82	-59.60	-20.00
333.84	-59.59	-20.00
333.86	-59.58	-20.00
333.87	-59.58	-20.00
333.88	-59.57	-20.00
333.90	-59.57	-20.00
333.91	-59.56	-20.00
333.92	-59.56	-20.00
333.94	-59.55	-20.00
333.96	-59.54	-20.00
333.96	-59.54	-20.00
333.98	-59.53	-20.00
334.00	-59.52	-20.00
334.00	-59.52	-20.00
334.02	-59.51	-20.00
334.04	-59.50	-20.00
334.04	-59.50	-20.00
334.06	-59.49	-20.00
334.08	-59.48	-20.00
334.08	-59.48	-20.00
334.10	-59.47	-20.00
334.12	-59.46	-20.00
334.12	-59.46	-20.00
334.14	-59.45	-20.00
334.16	-59.44	-20.00
334.16	-59.44	-20.00
334.18	-59.43	-20.00
334.20	-59.42	-20.00
334.20	-59.42	-20.00
334.22	-59.41	-20.00
334.24	-59.40	-20.00
334.24	-59.40	-20.00
334.26	-59.39	-20.00
334.28	-59.38	-20.00
334.28	-59.38	-20.00
334.30	-59.36	-20.00
334.31	-59.36	-20.00
334.32	-59.35	-20.00
334.34	-59.34	-20.00
334.34	-59.34	-20.00
334.36	-59.32	-20.00
334.36	-59.32	-20.00
334.38	-59.30	-20.00
334.38	-59.30	-20.00
334.40	-59.28	-20.00
334.40	-59.28	-20.00
334.42	-59.26	-20.00
334.42	-59.26	-20.00
334.44	-59.24	-20.00
334.44	-59.24	-20.00
334.46	-59.22	-20.00
334.46	-59.22	-20.00
334.47	-59.20	-20.00
334.48	-59.19	-20.00
334.49	-59.18	-20.00
334.50	-59.16	-20.00
334.50	-59.16	-20.00
334.51	-59.14	-20.00
334.52	-59.12	-20.00
334.52	-59.12	-20.00
334.53	-59.10	-20.00
334.54	-59.09	-20.00
334.55	-59.08	-20.00
334.56	-59.06	-20.00
334.56	-59.06	-20.00
334.57	-59.04	-20.00
334.58	-59.02	-20.00
334.58	-59.02	-20.00
334.59	-59.00	-20.00
334.60	-58.99	-20.00
334.61	-58.98	-20.00
334.62	-58.96	-20.00
334.62	-58.96	-20.00
334.63	-58.94	-20.00
334.64	-58.93	-20.00
334.65	-58.92	-20.00
334.66	-58.91	-20.00
334.66	-58.90	-20.00
334.68	-58.88	-20.00
334.68	-58.88	-20.00
334.70	-58.86	-20.00
334.70	-58.86	-20.00
334.72	-58.84	-20.00
334.72	-58.84	-20.00
334.74	-58.82	-20.00
334.74	-58.82	-20.00
334.76	-58.80	-20.00
334.76	-58.80	-20.00
334.78	-58.78	-20.00
334.78	-58.78	-20.00
334.80	-58.76	-20.00
334.80	-58.76	-20.00
334.82	-58.74	-20.00
334.82	-58.74	-20.00
334.84	-58.72	-20.00
334.84	-58.72	-20.00
334.86	-58.70	-20.00
334.86	-58.69	-20.00
334.87	-58.68	-20.00
334.88	-58.67	-20.00
334.89	-58.66	-20.00
334.90	-58.65	-20.00
334.90	-58.64	-20.00
334.92	-58.62	-20.00
334.92	-58.62	-20.00
334.93	-58.60	-20.00
334.94	-58.58	-20.00
334.94	-58.58	-20.00
334.95	-58.56	-20.00
334.96	-58.55	-20.00
334.96	-58.54	-20.00
334.97	-58.52	-20.00
334.98	-58.50	-20.00
334.98	-58.50	-20.00
334.99	-58.48	-20.00
334.99	-58.46	-20.00
335.00	-58.44	-20.00
335.00	-58.43	-20.00
335.00	-58.42	-20.00
335.01	-58.40	-20.00
335.01	-58.38	-20.00
335.02	-58.36	-20.00
335.02	-58.34	-20.00
335.02	-58.33	-20.00
335.02	-58.32	-20.00
335.03	-58.30	-20.00
335.03	-58.28	-20.00
335.03	-58.26	-20.00
335.03	-58.24	-20.00
335.03	-58.22	-20.00
335.04	-58.20	-20.00
335.04	-58.18	-20.00
335.04	-58.16	-20.00
335.04	-58.14	-20.00
335.04	-58.12	-20.00
335.04	-58.10	-20.00
335.04	-58.08	-20.00
335.04	-58.06	-20.00
335.04	-58.04	-20.00
335.04	-58.02	-20.00
335.04	-58.00	-20.00
335.04	-57.98	-20.00
335.03	-57.96	-20.00
335.03	-57.94	-20.00
335.03	-57.92	-20.00
335.03	-57.90	-20.00
335.03	-57.88	-20.00
335.02	-57.86	-20.00
335.02	-57.84	-20.00
335.02	-57.84	-20.00
335.02	-57.82	-20.00
335.01	-57.80	-20.00
335.01	-57.78	-20.00
335.00	-57.76	-20.00
335.00	-57.74	-20.00
335.00	-57.74	-20.00
335.00	-57.72	-20.00
334.99	-57.70	-20.00
334.99	-57.68	-20.00
334.98	-57.66	-20.00
334.98	-57.66	-20.00
334.98	-57.64	-20.00
334.97	-57.62	-20.00
334.96	-57.60	-20.00
334.96	-57.59	-20.00
334.96	-57.58	-20.00
334.95	-57.56	-20.00
334.94	-57.54	-20.00
334.94	-57.53	-20.00
334.94	-57.52	-20.00
334.93	-57.50	-20.00
334.92	-57.48	-20.00
334.92	-57.48	-20.00
334.91	-57.46	-20.00
334.90	-57.44	-20.00
334.90	-57.43	-20.00
334.89	-57.42	-20.00
334.88	-57.40	-20.00
334.88	-57.40	-20.00
334.87	-57.38	-20.00
334.86	-57.36	-20.00
334.86	-57.36	-20.00
334.85	-57.34	-20.00
334.84	-57.33	-20.00
334.83	-57.32	-20.00
334.82	-57.30	-20.00
334.82	-57.30	-20.00
334.81	-57.28	-20.00
334.80	-57.27	-20.00
334.79	-57.26	-20.00
334.78	-57.24	-20.00
334.78	-57.24	-20.00
334.76	-57.22	-20.00
334.76	-57.21	-20.00
334.75	-57.20	-20.00
334.74	-57.19	-20.00
334.74	-57.18	-20.00
334.72	-57.16	-20.00
334.72	-57.16	-20.00
334.71	-57.14	-20.00
334.70	-57.13	-20.00
334.70	-57.12	-20.00
334.68	-57.10	-20.00
334.68	-57.09	-20.00
334.67	-57.08	-20.00
334.66	-57.06	-20.00
334.66	-57.06	-20.00
334.65	-57.04	-20.00
334.64	-57.02	-20.00
334.64	-57.02	-20.00
334.63	-57.00	-20.00
334.62	-56.98	-20.00
334.62	-56.98	-20.00
334.61	-56.96	-20.00
334.60	-56.94	-20.00
334.60	-56.93	-20.00
334.59	-56.92	-20.00
334.59	-56.90	-20.00
334.58	-56.89	-20.00
334.58	-56.88	-20.00
334.57	-56.86	-20.00
334.56	-56.84	-20.00
334.56	-56.84	-20.00
334.55	-56.82	-20.00
334.55	-56.80	-20.00
334.54	-56.79	-20.00
334.54	-56.78	-20.00
334.53	-56.76	-20.00
334.52	-56.74	-20.00
334.52	-56.74	-20.00
334.51	-56.72	-20.00
334.50	-56.70	-20.00
334.50	-56.70	-20.00
334.49	-56.68	-20.00
334.48	-56.66	-20.00
334.48	-56.66	-20.00
334.47	-56.64	-20.00
334.46	-56.63	-20.00
334.45	-56.62	-20.00
334.44	-56.60	-20.00
334.44	-56.60	-20.00
334.42	-56.58	-20.00
334.42	-56.58	-20.00
334.41	-56.56	-20.00
334.40	-56.55	-20.00
334.39	-56.54	-20.00
334.38	-56.53	-20.00
334.37	-56.52	-20.00
334.36	-56.51	-20.00
334.34	-56.50	-20.00
334.34	-56.50	-20.00
334.32	-56.48	-20.00
334.32	-56.48	-20.00
334.30	-56.46	-20.00
334.30	-56.46	-20.00
334.28	-56.45	-20.00
334.27	-56.44	-20.00
334.26	-56.43	-20.00
334.24	-56.42	-20.00
334.24	-56.42	-20.00
334.22	-56.40	-20.00
334.22	-56.40	-20.00
334.20	-56.39	-20.00
334.19	-56.38	-20.00
334.18	-56.37	-20.00
334.17	-56.36	-20.00
334.16	-56.36	-20.00
334.14	-56.34	-20.00
334.14	-56.34	-20.00
334.12	-56.32	-20.00
334.12	-56.32	-20.00
334.10	-56.31	-20.00
334.09	-56.30	-20.00
334.08	-56.29	-20.00
334.07	-56.28	-20.00
334.06	-56.27	-20.00
334.05	-56.26	-20.00
334.04	-56.25	-20.00
334.02	-56.24	-20.00
334.02	-56.24	-20.00
334.00	-56.22	-20.00
334.00	-56.22	-20.00
333.98	-56.20	-20.00
333.98	-56.20	-20.00
333.96	-56.19	-20.00
333.95	-56.18	-20.00
333.94	-56.17	-20.00
333.93	-56.16	-20.00
333.92	-56.16	-20.00
333.90	-56.14	-20.00
333.90	-56.14	-20.00
333.88	-56.13	-20.00
333.87	-56.12	-20.00
333.86	-56.12	-20.00
333.84	-56.10	-20.00
333.83	-56.10	-20.00
333.82	-56.09	-20.00
333.80	-56.08	-20.00
333.80	-56.08	-20.00
333.78	-56.07	-20.00
333.76	-56.06	-20.00
333.75	-56.06	-20.00
333.74	-56.05	-20.00
333.72	-56.04	-20.00
333.71	-56.04	-20.00
333.70	-56.04	-20.00
333.68	-56.03	-20.00
333.66	-56.02	-20.00
333.66	-56.02	-20.00
333.64	-56.01	-20.00
333.62	-56.00	-20.00
333.62	-56.00	-20.00
333.60	-55.99	-20.00
333.58	-55.99	-20.00
333.57	-55.98	-20.00
333.56	-55.98	-20.00
333.54	-55.97	-20.00
333.52	-55.96	-20.00
333.52	-55.96	-20.00
333.50	-55.95	-20.00
333.48	-55.94	-20.00
333.47	-55.94	-20.00
333.46	-55.94	-20.00
333.44	-55.93	-20.00
333.42	-55.92	-20.00
333.42	-55.92	-20.00
333.40	-55.91	-20.00
333.38	-55.91	-20.00
333.36	-55.90	-20.00
333.35	-55.90	-20.00
333.34	-55.90	-20.00
333.32	-55.89	-20.00
333.30	-55.88	-20.00
333.29	-55.88	-20.00
333.28	-55.88	-20.00
333.26	-55.87	-20.00
333.24	-55.86	-20.00
333.23	-55.86	-20.00
333.22	-55.86	-20.00
333.20	-55.85	-20.00
333.18	-55.84	-20.00
333.18	-55.84	-20.00
333.16	-55.83	-20.00
333.14	-55.82	-20.00
333.14	-55.82	-20.00
333.12	-55.81	-20.00
333.11	-55.80	-20.00
333.10	-55.79	-20.00
333.08	-55.78	-20.00
333.08	-55.78	-20.00
333.06	-55.76	-20.00
333.06	-55.76	-20.00
333.04	-55.74	-20.00
