 333.68 -55.40   -7.63
 333.85 -55.44   -8.16
 334.05 -55.50   -8.62
 334.22 -55.55   -8.58
 334.37 -55.60   -8.44
 334.49 -55.67   -8.47
 334.63 -55.74   -8.38
 334.75 -55.81   -8.23
 334.90 -55.89   -7.91
 335.04 -55.97   -7.69
 335.13 -56.07   -7.87
 335.22 -56.16   -8.07
 335.32 -56.25   -8.12
 335.40 -56.34   -8.05
 335.49 -56.42   -7.83
 335.58 -56.51   -7.72
 335.67 -56.60   -7.75
 335.74 -56.69   -7.76
 335.80 -56.80   -7.68
 335.85 -56.91   -7.55
 335.91 -57.03   -7.44
 335.96 -57.14   -7.41
 336.01 -57.24   -7.38
 336.06 -57.34   -7.43
 336.10 -57.44   -7.58
 336.15 -57.53   -7.75
 336.16 -57.63   -8.02
 336.17 -57.73   -8.34
 336.17 -57.83   -8.64
 336.17 -57.94   -8.91
 336.17 -58.03   -9.06
 336.17 -58.12   -9.15
 336.18 -58.22   -9.22
 336.14 -58.34   -9.19
 336.09 -58.45   -9.09
 336.05 -58.56   -8.91
 336.01 -58.64   -8.72
 335.97 -58.74   -8.39
 335.93 -58.84   -8.03
 335.89 -58.93   -7.73
 335.81 -59.03   -7.55
 335.68 -59.17   -7.27
 335.59 -59.25   -7.02
 335.50 -59.35   -6.64
 335.41 -59.44   -6.37
 335.31 -59.54   -6.12
 335.20 -59.63   -5.99
 335.07 -59.72   -5.87
 334.91 -59.82   -5.78
 334.79 -59.89   -5.68
 334.66 -59.98   -5.39
 334.53 -60.05   -5.33
 334.42 -60.12   -5.31
 334.27 -60.18   -5.64
 334.10 -60.25   -5.97
 333.92 -60.32   -6.14
 333.75 -60.41   -5.87
 333.61 -60.48   -5.46
 333.40 -60.55   -4.78
