  91.54   9.04   -6.03
  91.55   8.94   -6.08
  91.57   8.84   -6.17
  91.60   8.76   -6.28
  91.64   8.65   -6.31
  91.67   8.55   -6.22
  91.71   8.42   -6.05
  91.74   8.34   -5.92
  91.78   8.23   -5.69
  91.82   8.16   -5.56
  91.85   8.10   -5.45
  91.89   8.01   -5.34
  91.93   7.93   -5.36
  91.96   7.85   -5.44
  92.00   7.76   -5.70
  92.02   7.68   -5.86
  92.05   7.60   -6.09
  92.09   7.52   -6.39
  92.12   7.44   -6.55
  92.16   7.36   -6.79
  92.19   7.27   -6.92
  92.22   7.18   -7.02
  92.25   7.10   -7.10
  92.47   6.49   -7.49
  92.50   6.40   -7.52
  92.53   6.32   -7.57
  92.55   6.24   -7.52
  92.58   6.15   -7.50
  92.60   6.07   -7.43
  92.63   5.98   -7.38
  92.66   5.89   -7.29
  92.69   5.78   -7.06
  92.72   5.71   -6.94
  92.75   5.61   -6.67
  92.78   5.52   -6.45
  92.81   5.43   -6.28
  92.84   5.33   -6.13
  92.87   5.24   -6.04
  92.91   5.15   -6.00
  92.94   5.07   -5.96
  92.98   4.97   -5.93
  93.01   4.88   -5.89
  93.05   4.79   -5.88
  93.08   4.70   -5.81
  93.13   4.61   -5.74
  93.17   4.53   -5.64
  93.21   4.45   -5.53
  93.26   4.38   -5.42
  93.31   4.31   -5.31
  93.36   4.22   -5.18
  93.41   4.15   -5.09
  93.47   4.07   -5.03
  93.52   3.99   -5.03
  93.58   3.91   -5.09
  93.64   3.84   -5.15
  93.69   3.76   -5.20
  93.74   3.67   -5.21
  93.78   3.59   -5.18
  93.84   3.51   -5.08
  93.91   3.42   -5.02
  93.96   3.35   -5.07
  94.02   3.27   -5.25
  94.09   3.20   -5.44
  94.15   3.12   -5.58
  94.22   3.04   -5.67
  94.29   2.96   -5.69
  94.36   2.88   -5.72
  94.43   2.81   -5.81
  94.50   2.74   -5.93
  94.57   2.66   -6.05
  94.65   2.61   -6.35
  94.73   2.55   -6.57
  94.81   2.48   -6.70
  94.88   2.42   -6.82
  94.96   2.35   -6.95
  95.04   2.28   -7.07
  95.11   2.22   -7.16
  95.18   2.15   -7.18
  95.24   2.10   -7.19
  95.31   2.04   -7.15
  95.37   1.98   -7.03
  95.42   1.94   -6.98
  95.48   1.88   -6.90
  95.53   1.83   -6.84
  95.58   1.77   -6.75
  95.63   1.71   -6.65
  95.69   1.65   -6.55
  95.75   1.59   -6.45
  95.81   1.52   -6.34
  95.87   1.45   -6.22
  95.93   1.38   -6.17
  95.98   1.31   -6.16
  96.03   1.24   -6.21
  96.09   1.17   -6.31
  96.14   1.09   -6.37
  96.19   1.02   -6.45
  96.24   0.94   -6.52
  96.28   0.88   -6.58
  96.33   0.81   -6.65
  96.38   0.74   -6.71
  96.43   0.66   -6.75
  96.48   0.59   -6.80
  96.52   0.53   -6.85
  96.57   0.45   -6.88
  96.61   0.37   -6.87
  96.66   0.29   -6.88
  96.70   0.22   -6.87
  96.74   0.13   -6.81
  96.80   0.05   -6.79
  96.84  -0.01   -6.76
  96.89  -0.09   -6.76
  96.93  -0.16   -6.79
  96.98  -0.24   -6.86
  97.01  -0.31   -6.91
  97.06  -0.38   -6.94
  97.10  -0.46   -6.90
  97.15  -0.55   -6.79
  97.20  -0.63   -6.69
  97.24  -0.71   -6.65
  97.29  -0.78   -6.60
  97.35  -0.86   -6.57
  97.40  -0.95   -6.62
  97.45  -1.03   -6.66
  97.50  -1.12   -6.77
  97.53  -1.19   -6.87
  97.58  -1.26   -7.00
  97.64  -1.35   -7.13
  97.70  -1.44   -7.22
  97.74  -1.51   -7.23
  97.80  -1.60   -7.19
  97.84  -1.66   -7.14
  97.90  -1.74   -7.04
  97.95  -1.82   -6.92
  98.00  -1.90   -6.82
  98.05  -1.98   -6.76
  98.10  -2.06   -6.74
  98.15  -2.14   -6.74
  98.21  -2.22   -6.76
  98.26  -2.30   -6.73
  98.31  -2.38   -6.67
  98.36  -2.44   -6.65
  98.41  -2.53   -6.57
  98.47  -2.60   -6.63
  98.52  -2.67   -6.72
  98.57  -2.73   -6.85
  98.63  -2.80   -6.99
  98.68  -2.88   -7.02
  98.73  -2.94   -7.05
  98.78  -3.01   -7.01
  98.84  -3.06   -7.05
  98.91  -3.13   -7.07
  98.97  -3.19   -7.12
  99.02  -3.27   -7.09
  99.07  -3.35   -7.05
  99.12  -3.42   -7.01
  99.18  -3.49   -6.94
  99.23  -3.56   -6.83
  99.29  -3.63   -6.74
  99.34  -3.70   -6.63
  99.40  -3.78   -6.52
  99.44  -3.84   -6.45
  99.49  -3.91   -6.42
  99.55  -3.99   -6.43
  99.60  -4.06   -6.47
  99.67  -4.12   -6.61
  99.73  -4.19   -6.70
  99.79  -4.25   -6.78
  99.84  -4.32   -6.79
  99.90  -4.39   -6.81
  99.95  -4.47   -6.79
 100.00  -4.54   -6.82
 100.05  -4.61   -6.91
 100.10  -4.69   -6.98
 100.15  -4.76   -7.05
 100.22  -4.85   -7.07
 100.27  -4.92   -7.02
 100.33  -4.99   -6.96
 100.40  -5.06   -6.94
 100.47  -5.13   -6.99
 100.54  -5.19   -7.13
 100.60  -5.26   -7.20
 100.66  -5.34   -7.21
 100.72  -5.41   -7.19
 100.78  -5.50   -7.07
 100.84  -5.57   -7.01
 100.90  -5.63   -7.04
 100.95  -5.70   -7.07
 101.02  -5.79   -7.20
 101.08  -5.86   -7.33
 101.14  -5.93   -7.41
 101.20  -6.00   -7.44
 101.26  -6.08   -7.41
 101.31  -6.15   -7.36
 101.37  -6.21   -7.36
 101.43  -6.28   -7.32
 101.48  -6.35   -7.25
 101.55  -6.43   -7.18
 101.62  -6.52   -7.04
 101.68  -6.60   -6.93
 101.75  -6.68   -6.87
 101.81  -6.74   -6.86
 101.88  -6.80   -6.87
 101.95  -6.87   -6.89
 102.02  -6.93   -6.93
 102.09  -6.98   -6.97
 102.16  -7.03   -6.99
 102.23  -7.09   -6.98
 102.31  -7.14   -7.02
 102.39  -7.19   -7.07
 102.46  -7.24   -7.12
 102.55  -7.29   -7.23
 102.63  -7.35   -7.26
 102.70  -7.40   -7.27
 102.78  -7.46   -7.26
 102.86  -7.52   -7.24
 102.95  -7.57   -7.27
 103.02  -7.61   -7.31
 103.10  -7.67   -7.33
 103.17  -7.71   -7.33
 103.26  -7.75   -7.31
 103.35  -7.78   -7.27
 103.43  -7.81   -7.24
 103.51  -7.85   -7.23
 103.60  -7.89   -7.23
 103.68  -7.93   -7.21
 103.77  -7.97   -7.18
 103.86  -8.02   -7.12
 103.95  -8.06   -7.11
 104.02  -8.09   -7.11
 104.13  -8.14   -7.11
 104.20  -8.17   -7.12
 104.29  -8.21   -7.15
 104.37  -8.24   -7.20
 104.46  -8.27   -7.27
 104.54  -8.32   -7.36
 104.62  -8.37   -7.39
 104.70  -8.41   -7.37
 104.77  -8.45   -7.31
 104.84  -8.49   -7.23
 104.93  -8.54   -7.18
 105.01  -8.58   -7.23
 105.08  -8.63   -7.30
 105.16  -8.67   -7.41
 105.25  -8.72   -7.54
 105.32  -8.77   -7.63
 105.41  -8.82   -7.77
 105.49  -8.86   -7.90
 105.57  -8.91   -8.00
 105.64  -8.96   -8.04
 105.73  -9.01   -8.09
 105.81  -9.05   -8.15
 105.89  -9.11   -8.13
 105.97  -9.15   -8.20
 106.05  -9.20   -8.24
 106.13  -9.25   -8.28
 106.20  -9.29   -8.30
 106.29  -9.34   -8.31
 106.37  -9.38   -8.30
 106.44  -9.43   -8.20
 106.53  -9.47   -8.20
 106.61  -9.53   -8.09
 106.69  -9.58   -8.08
 106.77  -9.63   -8.10
 106.86  -9.67   -8.16
 106.93  -9.70   -8.20
 107.02  -9.74   -8.20
 107.10  -9.77   -8.17
 107.18  -9.81   -8.07
 107.27  -9.84   -8.01
 107.34  -9.87   -7.96
 107.44  -9.91   -7.95
 107.54  -9.95   -8.02
 107.65  -9.99   -8.17
 107.73 -10.02   -8.28
 107.82 -10.05   -8.42
 107.91 -10.07   -8.57
 108.02 -10.10   -8.64
 108.10 -10.11   -8.73
 108.18 -10.13   -8.74
 108.26 -10.15   -8.73
 108.35 -10.17   -8.69
 108.45 -10.19   -8.63
 108.55 -10.22   -8.46
 108.65 -10.24   -8.31
 108.76 -10.26   -8.13
 108.84 -10.28   -7.98
 108.91 -10.29   -7.89
 109.01 -10.32   -7.71
 109.10 -10.33   -7.62
 109.21 -10.34   -7.51
 109.30 -10.35   -7.44
 109.41 -10.36   -7.38
 109.50 -10.36   -7.37
 109.58 -10.37   -7.38
 109.66 -10.38   -7.42
 109.75 -10.39   -7.48
 109.84 -10.40   -7.54
 109.92 -10.41   -7.57
 110.00 -10.42   -7.57
 110.09 -10.43   -7.53
 110.21 -10.44   -7.45
 110.30 -10.45   -7.34
 110.40 -10.46   -7.22
 110.49 -10.47   -7.09
 110.59 -10.48   -6.92
 110.68 -10.48   -6.77
 110.76 -10.48   -6.64
 110.85 -10.48   -6.51
 110.94 -10.48   -6.43
 111.04 -10.48   -6.45
 111.13 -10.50   -6.45
 111.22 -10.52   -6.53
 111.31 -10.53   -6.68
 111.40 -10.55   -6.77
 111.48 -10.57   -6.79
 111.56 -10.58   -6.79
 111.66 -10.59   -6.74
 111.77 -10.60   -6.64
 111.86 -10.62   -6.52
 111.96 -10.63   -6.44
 112.05 -10.64   -6.39
 112.14 -10.65   -6.33
 112.21 -10.66   -6.28
 112.28 -10.68   -6.21
 112.36 -10.71   -6.15
 112.45 -10.73   -6.13
 112.57 -10.76   -6.17
 112.70 -10.78   -6.29
 112.73 -10.79   -6.31
 112.72 -10.79   -6.29
 112.80 -10.80   -6.39
 112.89 -10.82   -6.46
 112.98 -10.83   -6.57
 113.12 -10.85   -6.74
 113.20 -10.87   -6.85
 113.30 -10.89   -7.02
 113.47 -10.91   -7.31
 113.56 -10.93   -7.35
 113.67 -10.95   -7.34
 113.76 -10.96   -7.31
 113.85 -10.98   -7.21
 113.94 -11.00   -7.11
 114.03 -11.02   -7.03
 114.12 -11.03   -7.02
 114.21 -11.05   -6.97
 114.30 -11.07   -6.93
 114.39 -11.09   -6.90
 114.49 -11.10   -6.93
 114.59 -11.11   -6.97
 114.68 -11.12   -7.02
 114.77 -11.13   -7.08
 114.86 -11.14   -7.14
 114.95 -11.14   -7.23
 115.05 -11.15   -7.31
 115.14 -11.17   -7.36
 115.23 -11.18   -7.44
 115.32 -11.19   -7.52
 115.41 -11.20   -7.60
 115.50 -11.21   -7.66
 115.60 -11.22   -7.70
 115.69 -11.23   -7.72
 115.78 -11.24   -7.73
 115.87 -11.25   -7.74
 115.96 -11.26   -7.75
 116.06 -11.27   -7.77
 116.16 -11.27   -7.84
 116.25 -11.28   -7.88
 116.34 -11.29   -7.91
 116.44 -11.30   -7.93
 116.53 -11.30   -7.95
 116.62 -11.31   -7.91
 116.72 -11.32   -7.84
 116.80 -11.32   -7.80
 116.89 -11.33   -7.74
 116.99 -11.33   -7.72
 117.05 -11.33   -7.72
 117.16 -11.33   -7.76
 117.25 -11.33   -7.81
 117.34 -11.33   -7.85
 117.44 -11.33   -7.87
 117.53 -11.33   -7.85
 117.62 -11.34   -7.77
 117.72 -11.35   -7.64
 117.81 -11.35   -7.52
 117.90 -11.36   -7.38
 117.99 -11.37   -7.25
 118.08 -11.37   -7.19
 118.17 -11.38   -7.11
 118.29 -11.38   -7.07
 118.38 -11.38   -7.04
 118.47 -11.37   -7.07
 118.56 -11.37   -7.05
 118.66 -11.37   -7.02
 118.75 -11.36   -7.04
 118.85 -11.37   -6.96
 118.96 -11.37   -6.94
 119.05 -11.38   -6.87
 119.12 -11.38   -6.86
 119.22 -11.39   -6.80
 119.29 -11.39   -6.79
 119.41 -11.41   -6.66
 119.50 -11.42   -6.60
 119.59 -11.43   -6.54
 119.68 -11.44   -6.48
 119.75 -11.45   -6.42
 119.87 -11.46   -6.35
 119.96 -11.47   -6.25
 120.05 -11.48   -6.13
 120.14 -11.49   -5.98
 120.24 -11.50   -5.79
 120.33 -11.51   -5.61
 120.42 -11.52   -5.45
 120.47 -11.53   -5.32
 120.54 -11.52   -5.41
 120.63 -11.52   -5.44
 120.81 -11.51   -5.66
 120.90 -11.50   -5.78
 120.99 -11.50   -5.73
 121.12 -11.49   -5.62
 121.24 -11.48   -5.43
 121.33 -11.47   -5.27
 121.42 -11.46   -5.11
 121.51 -11.45   -4.94
 121.60 -11.43   -4.87
 121.69 -11.42   -4.66
 121.79 -11.41   -4.42
 121.92 -11.37   -4.37
 122.02 -11.35   -4.27
 122.11 -11.33   -4.23
 122.20 -11.30   -4.27
 122.29 -11.28   -4.20
 122.38 -11.25   -4.14
 122.48 -11.23   -3.92
 122.57 -11.20   -3.72
 122.67 -11.17   -3.42
 122.76 -11.14   -3.15
